9.876257689005164542e-01 -1.541596000884906670e-01 -2.881246786063817664e-02 1.204547701875594143e-03
-9.999586944542895317e-01 -5.553480643386605672e-03 -7.195014803049124170e-03 1.429231269214657285e-03
9.983289609349325078e-01 -3.528266667263710299e-02 -4.576482482262430457e-02 1.148855339010687636e-03
-9.962916991526046262e-01 -8.268012293315311900e-02 -2.380855878406889711e-02 1.402550167366973166e-03
-9.917330088762434936e-01 -1.123142688209909784e-01 6.205758716288435617e-02 1.362076563016576545e-03
-9.849057158434708636e-01 1.693511577476477514e-01 3.578989058926374672e-02 1.212209418295296087e-03
9.937217476401684069e-01 -1.715767971753235158e-02 -1.105563308620542556e-01 1.447533568946534179e-03
9.974137838492904695e-01 6.768175469498505237e-02 -2.418519937583230722e-02 1.225480911022259513e-03
2.386997247172795711e-01 9.680202037654228597e-01 7.719667429264175096e-02 1.763963994861061056e-03
3.792263070126807717e-02 9.984712159584054891e-01 4.021324387858694893e-02 1.413697130468778576e-03
1.235214625787521003e-01 9.915303533507874301e-01 -4.012488836705379452e-02 1.334322877668612899e-03
2.764379741933260526e-01 -9.593665797901679282e-01 -5.654919986706430368e-02 1.286575292252039281e-03
-1.197681334255593505e-01 9.880403143257739940e-01 9.711813158614011898e-02 1.423966304634336020e-03
-2.105382070375125536e-01 -9.750583020221841313e-01 7.024934900085924583e-02 1.370012810640316905e-03
-4.656185090939972682e-01 -2.461704554115638210e-01 -8.500585337913774131e-01 1.353034558258714079e-04
-1.144939118283500382e-02 -9.972274718507511126e-01 -7.352741548362549950e-02 1.317686155050451849e-03
-5.363701760558209353e-02 -3.736428377017778635e-01 -9.260205722210179680e-01 1.159783467907494819e-03
7.506859114238426112e-02 -2.760377009711415530e-01 9.582107775779106218e-01 1.154147380279071803e-03
3.632024248433667057e-02 -9.249676413650394224e-02 9.950503447615879349e-01 1.129235137384714850e-03
-7.020930045601880831e-02 2.631183113406986296e-01 -9.622054917566703613e-01 1.191563627309752621e-03
-1.157681518970617163e-01 1.744317953797098475e-01 -9.778401115555394041e-01 1.196612549246018568e-03
4.787791397724643766e-02 -1.916719959838155407e-01 -9.802905443330399704e-01 1.114973946604739911e-03
-9.821660677388455163e-02 2.698381828810255123e-01 -9.578835279997722774e-01 1.253441850394160792e-03
-3.564425635079471744e-01 3.457386660975755172e-02 -9.336773247045970781e-01 1.270092404495312471e-03
