9.658483005211069283e-01 -6.654061553096707327e-02 2.504184635070858533e-01 1.141994988499315947e-03
9.569135699281975382e-01 -1.268078408181981254e-01 2.612205795765315530e-01 1.166769602088967668e-03
-9.922884575986018474e-01 1.093584381420457941e-01 5.834679874440421021e-02 1.089943926262367923e-03
-9.467036579368396376e-01 5.914725806841654443e-02 -3.166287825072056639e-01 1.175408260805885967e-03
-9.382667571335470136e-01 1.555686882556589767e-01 -3.089561064172566263e-01 1.165059859383347227e-03
-9.631612520867242067e-01 2.366446752827940925e-01 -1.277485817496019083e-01 1.116566912087922810e-03
9.160096993169669632e-01 7.855800252241662562e-02 3.933889563738766082e-01 1.208523203882433047e-03
9.405252949753027947e-01 -2.810368197872762930e-01 1.908676909156544199e-01 1.139601403395547503e-03
-9.446311867287366937e-01 -2.276037449051058759e-01 2.363650912563658724e-01 1.127976380737034500e-03
9.247715847715604065e-01 3.181003695527792052e-01 -2.088292864745792121e-01 1.168665003462240632e-03
-9.436901192527599180e-01 -3.205340790672815410e-01 8.189543931869174009e-02 1.133252620675271769e-03
-8.939441810207275907e-01 -3.482922612800340989e-01 2.820572671491038963e-01 1.194564953103936008e-03
9.322435670938411523e-01 2.988517913064039355e-01 -2.039841622408571920e-01 1.192681318902512593e-03
9.231280339496986675e-01 1.818765712103640741e-01 -3.387558793304191740e-01 1.164399617297830029e-03
-9.110663645954646395e-01 -3.464390825507618343e-01 2.234682111267512206e-01 1.177201951679778718e-03
9.586416441353288187e-01 2.478755318008923902e-01 -1.398710794408140334e-01 1.170117935576619464e-03
-5.649608402328527845e-02 -9.606923862483131016e-01 2.718056870165813654e-01 1.615902353545042641e-03
2.360432197793802672e-02 -9.643798429434080610e-01 2.634660405221315727e-01 1.721757809987512150e-03
-5.288493738791984200e-02 9.774414083687856802e-01 -2.044785480277099832e-01 1.670019946726420583e-03
1.494133028067404743e-02 9.950366342961649568e-01 -9.838116210943863293e-02 1.590198412743134941e-03
-1.540188930528021277e-02 9.810691163037099649e-01 -1.930444789184233845e-01 1.688127033046134826e-03
-4.579389104464889892e-02 9.936553197398197979e-01 -1.027230504597061445e-01 1.586742003239471118e-03
-1.453240269185506264e-02 9.992116579777335916e-01 -3.694417184604968651e-02 1.587292456799482051e-03
-2.778074754393502696e-02 9.980490860458393065e-01 -5.591289573045614414e-02 1.604860036824337687e-03
-8.323427252946633687e-03 9.914181681679573588e-01 -1.304635442767698994e-01 1.604925599503480814e-03
8.699448296574784079e-03 9.925239897852021764e-01 -1.217392677002738371e-01 1.654126137190233253e-03
5.429645710794248070e-02 9.925730588325656356e-01 1.088605420953315667e-01 1.590590960744832014e-03
2.520641348701991788e-02 9.979720881244542596e-01 -5.844953416099936405e-02 1.620615598877478804e-03
1.658590381344941453e-02 -9.994876462558512920e-01 -2.737430869682786275e-02 1.577424557445829311e-03
3.097698933377502836e-02 9.866826122985340453e-01 -1.596804581642852772e-01 1.628247613311699588e-03
4.050951131507050246e-02 -9.990164090274695763e-01 -1.803313580255934065e-02 1.521776411369434685e-03
-5.223860117324885532e-02 -9.985955492550040447e-01 -8.835018707345631758e-03 1.545052665400175815e-03
4.013312226242614356e-02 2.316434304504001174e-01 9.719725580625410144e-01 1.717414002365018994e-03
3.424984900199021937e-02 1.909708257954335908e-01 9.809980079176262580e-01 1.670719605518036300e-03
-1.808204087498204923e-02 1.643848201297255229e-01 9.862305362889112192e-01 1.681450870984110705e-03
-7.597439822442993151e-02 -6.275259250901951691e-02 -9.951331584003382247e-01 1.701803606540272214e-03
3.162498261377109932e-02 8.813275850376072265e-03 9.994609480332204976e-01 1.734971614539937250e-03
5.183486818062702818e-03 1.475656271753214288e-01 -9.890386833389082089e-01 1.547933264294378084e-03
-6.967454171484259440e-02 -6.312459281967813807e-02 -9.955705620488064511e-01 1.761186143895298543e-03
4.574172380987563680e-02 4.197868810292098435e-02 -9.980708814748874280e-01 1.571233947380940845e-03
8.666911949149762318e-02 -3.342070875013732761e-02 -9.956764132755214769e-01 1.689893506687428814e-03
-1.500584759692651787e-02 -2.289832672528954380e-02 9.996251753387765948e-01 1.642668677641750128e-03
1.045778870738479048e-02 1.330438008962608609e-01 9.910549841953411043e-01 1.688970360241247564e-03
-1.621596519610759429e-02 -1.208321734843464668e-01 9.925404920323440683e-01 1.588146511481381036e-03
7.384540655614567350e-02 -2.101773796385252718e-02 -9.970481987453969630e-01 1.541295216341800845e-03
4.398606853699985747e-02 4.981522598148313552e-02 -9.977893911217298184e-01 1.627183180248816669e-03
6.158889821008584758e-03 1.952464746061370049e-01 -9.807348684685621709e-01 1.596762381208078610e-03
-5.698450401154629696e-02 -5.550770031481787326e-02 9.968308088679433965e-01 1.542601268632159484e-03
