9.552632900768447399e-01 -1.066336288196080700e-01 2.758646694238391928e-01 7.377521898075433196e-04
9.493370736242282559e-01 -7.847112169058013953e-02 3.043047875127975477e-01 6.621033640945258366e-04
-9.845982286278546214e-01 1.678323253172807061e-01 -4.897589980270994348e-02 6.872172636621819890e-04
-9.414391259554298896e-01 -3.364658851510792664e-02 -3.355000435194772646e-01 6.238371006446996299e-04
-9.341668224599912751e-01 3.606929336424647553e-02 -3.550089490297488326e-01 6.282442419967423312e-04
-9.646513441863222571e-01 1.698526478395022132e-01 -2.014891118185590246e-01 6.026164529962741096e-04
9.062380607316514736e-01 1.671107483162364293e-01 3.883382225309828240e-01 6.500008108327676518e-04
9.313587025071053960e-01 -2.411671686299227402e-01 2.727807985165149884e-01 6.299963446497748283e-04
-9.407986907421863609e-01 -1.854887429265413279e-01 2.837106796462185443e-01 6.108705456930439313e-04
9.255419184297428714e-01 2.453361379301277068e-01 -2.884134820963135115e-01 6.075651788056042352e-04
-9.406779863288937671e-01 -3.003596496011647909e-01 1.578258753426799721e-01 6.207231955846498209e-04
-8.824090067562558870e-01 -2.851611995113124687e-01 3.742157600752638036e-01 6.653649037143738367e-04
9.342704130229724235e-01 2.397102476394221138e-01 -2.639655138962881953e-01 6.464519846790267197e-04
9.137512735951517362e-01 1.013458251214966882e-01 -3.934305958281347215e-01 6.370815478092657852e-04
-8.885794562210083125e-01 -3.234819640777112371e-01 3.252475501804791835e-01 6.632025010651086726e-04
9.543359550919422452e-01 2.124091682131194758e-01 -2.100600630242717981e-01 6.566270321694141730e-04
-3.620652714906622688e-02 -8.498974331492987755e-01 5.257028062679871550e-01 8.608528110316620262e-04
4.454653099874880673e-02 -8.573741562772998481e-01 5.127622867604108015e-01 9.267442623590298623e-04
-7.644919105777593649e-02 8.893605061061722328e-01 -4.507697986391557832e-01 8.954869369016298705e-04
-9.755610645776896864e-03 9.297245045545580178e-01 -3.681265729225610683e-01 8.402184966800850790e-04
-5.130385397925425750e-02 9.312866288474155319e-01 -3.606565256541068298e-01 8.493343687036625277e-04
-1.214844136343770642e-02 8.961578067892370658e-01 -4.435691611272627455e-01 8.851528838740629684e-04
-2.086367415285168489e-02 9.522118955463999557e-01 -3.047248153347141275e-01 8.235578270085444803e-04
-5.557215598793237288e-02 9.396856713111624293e-01 -3.374945549358434604e-01 8.344756650076119069e-04
-2.129281984412554479e-02 9.211089275786243924e-01 -3.887222136153809515e-01 8.780560812838253707e-04
-6.015914553931282598e-03 9.227143742121111103e-01 -3.854374039898460502e-01 8.922913063661420084e-04
4.346701759656018682e-02 9.846975133586622908e-01 -1.687644084708845860e-01 8.706150235343545173e-04
1.112155124865874152e-02 9.535916305410800931e-01 -3.008975128840843949e-01 9.154707176862131269e-04
5.060978857792267777e-02 -9.716569894613548142e-01 2.309141488324060465e-01 8.633402229832115235e-04
9.163118453627097301e-03 9.046314057818416465e-01 -4.260963000700355163e-01 9.315199530497322421e-04
8.720172217091433364e-02 -9.670194175354772659e-01 2.393100619693472875e-01 8.914800369283398850e-04
-3.899538623030339435e-02 -9.672326220293987475e-01 2.508792831919046673e-01 9.514882081629718940e-04
3.498411207407565310e-02 4.416981647107620645e-01 8.964813680124830153e-01 9.016004375148913008e-04
2.026408953846494873e-02 3.976162563864094057e-01 9.173280107641074155e-01 8.844657491005564025e-04
-1.032418445065566917e-02 3.865658518566538193e-01 9.222040193979683664e-01 9.044556082608359859e-04
-5.716791407969808170e-02 -2.860961874470259181e-01 -9.564940152076500945e-01 9.157520701847270995e-04
3.953807116743161126e-02 2.208453219529403488e-01 9.745070983322088320e-01 9.470688480679074778e-04
3.019267240083553690e-03 -8.465720783302187191e-02 -9.964055605963114681e-01 8.403468744147856492e-04
-6.098624038567729277e-02 -2.867330001732418809e-01 -9.560673956867644652e-01 9.393025970269672925e-04
2.001294194801569656e-02 -1.812433208387247696e-01 -9.832346316144161547e-01 8.566497737921735826e-04
8.573544998513436821e-02 -2.482325682210961559e-01 -9.648989712349191894e-01 9.166521906437684634e-04
-2.390391363634369534e-02 1.892064471220953892e-01 9.816463330957335698e-01 8.890684546224850767e-04
1.839055011632247105e-02 3.531218707156490999e-01 9.353965640778778567e-01 9.187633998695783795e-04
-2.007275734754958990e-02 9.828316202324144379e-02 9.949560314281127305e-01 9.167716818757684497e-04
6.848636396538249071e-02 -2.465989295484324328e-01 -9.666946704603105456e-01 8.960294078228436473e-04
3.391940619978350835e-02 -1.660089981083383570e-01 -9.855407076473907679e-01 9.673468460745111288e-04
-2.334876211231502394e-02 -1.811424037940698520e-02 -9.995632594304872942e-01 9.491405574874481419e-04
-7.983331745377016120e-02 1.564319722924328859e-01 9.844570480569606596e-01 9.375285919413112613e-04
