9.948372906965612383e-01 9.838096615480315665e-02 -2.489880595477175079e-02 1.198308208477313246e-03
-9.755389864090038277e-01 -2.184183243460585955e-01 2.484193200927360679e-02 1.496676624678957386e-03
9.897617427088519770e-01 1.404986085471583157e-01 -2.513630176156782248e-02 1.183023578555567664e-03
9.684699718468207097e-01 2.332767837546297907e-01 -8.745201994301772530e-02 1.214766186886329048e-03
9.928524947899652897e-01 1.190729332605453550e-01 -8.096922506210607606e-03 1.387502871770869995e-03
-9.296252830156572777e-01 -3.662567627171712248e-01 4.065485139558381450e-02 1.418285564655075333e-03
-9.487898486665848896e-01 -3.042936134506710744e-01 -8.487178494866630396e-02 1.261001521673109100e-03
-9.844008628821694362e-01 -1.480618614714938885e-01 9.504013012636519653e-02 1.582256880192952145e-03
-2.112895441774634633e-02 9.917877072932177462e-01 -1.261376666474984254e-01 1.400337073254900606e-03
2.299173566188083273e-01 -9.716003348195214606e-01 5.595353879794823931e-02 1.026514747134549396e-03
2.024497761208846891e-01 -9.779501381634725377e-01 5.126027130876841670e-02 1.429336594635568667e-03
-1.022568464096341584e-01 9.944289569777172710e-01 -2.558489567236175294e-02 2.112336230079642652e-03
-3.008561850663736825e-01 9.502339641792332259e-01 8.087625873844322966e-02 1.430897972878336687e-03
1.857391979955603789e-01 -9.818340612786198296e-01 -3.876630548682163946e-02 1.644142191954516431e-03
4.226985211570439410e-02 -9.975440278626834800e-01 5.584954858913588477e-02 1.308736868760613159e-03
1.456070219402385776e-02 9.990076317393850047e-01 4.209201442176952607e-02 1.264761757958532623e-03
-2.128075931652842201e-01 -3.285123863637760544e-01 -9.202133123883700083e-01 1.257890827708903810e-03
-3.028251221995889239e-02 4.026321946943636210e-01 9.148608010234388077e-01 1.316610448911896981e-03
-3.475143772209497439e-01 1.922687699096813085e-01 -9.177507710387137196e-01 1.193513970991299947e-03
2.538892129161964273e-01 3.853741448380510470e-01 -8.871454424473674827e-01 1.236741493529015150e-03
5.444023777448264712e-01 -1.391603585915549557e-01 8.272003661160028942e-01 1.289804445122090309e-03
5.139815736213836778e-02 -2.994522785056298320e-01 9.527258589529118415e-01 1.226366877902722525e-03
-2.363217444968329917e-01 2.787323037896676237e-01 9.308385122576730009e-01 1.234754113793152001e-03
-2.382525850246665911e-01 -2.617276784092814057e-01 -9.352723282999191312e-01 1.175547624134845029e-03
