9.562094377689566160e-01 -9.701221774098318928e-02 2.761379016552270027e-01 7.370222006397250409e-04
9.496638302871694970e-01 -7.398276130641601167e-02 3.044095275673548984e-01 6.618755501261784722e-04
-9.838374439415314976e-01 1.722467720782319966e-01 -4.893805683947333174e-02 6.877486770309154500e-04
-9.409946423668125171e-01 -4.555288548977066282e-02 -3.353416431946835696e-01 6.241317732610173830e-04
-9.337766193417877947e-01 4.620753536736870587e-02 -3.548606611698388313e-01 6.285067703757387086e-04
-9.623318218175266336e-01 1.830699441824049645e-01 -2.010046274452685633e-01 6.040689481864354319e-04
9.070049093631116222e-01 1.621116578642279871e-01 3.886668300430654033e-01 6.494512523606033342e-04
9.341103068768442652e-01 -2.293212840137587583e-01 2.735867015860395379e-01 6.281405673587033261e-04
-9.418079191658036420e-01 -1.798146497464530869e-01 2.840150262453372543e-01 6.102159452110156833e-04
9.185808055528602578e-01 2.725316687599545484e-01 -2.862442893627273333e-01 6.121693788543780719e-04
-9.337246835614950724e-01 -3.218945357389619288e-01 1.566592581668383444e-01 6.253456248613232984e-04
-8.792071927911523366e-01 -2.966002069066476232e-01 3.728579212075766591e-01 6.677879669673476458e-04
9.346660296250128841e-01 2.380390681223747695e-01 -2.640772900354100838e-01 6.461783605935727615e-04
9.130905663778762227e-01 1.081746175680316085e-01 -3.931461175005282471e-01 6.375425364473374544e-04
-8.911183295006782634e-01 -3.154628048612345137e-01 3.261768562865905996e-01 6.613129797151124766e-04
9.524442809098032647e-01 2.211321265666862657e-01 -2.096436842890881114e-01 6.579311760746754017e-04
-3.522242945025244598e-02 -8.586122268762828025e-01 5.114141416916162530e-01 8.849046235720251213e-04
4.346054431771739085e-02 -8.647828083702581159e-01 5.002618068920086092e-01 9.499016328302022603e-04
-7.401000165186123747e-02 8.967097884047968703e-01 -4.363875285047866259e-01 9.250000054176948710e-04
-9.426014764969287488e-03 9.345567175141270555e-01 -3.556893194838312011e-01 8.695980979632600806e-04
-4.898061332606301610e-02 9.375721226134682285e-01 -3.443245771307629766e-01 8.896198612594469202e-04
-1.170628221004870947e-02 9.039750864249797013e-01 -4.274248543074783968e-01 9.185860817699434541e-04
-2.000944260524964782e-02 9.561331194714633996e-01 -2.922483191677847092e-01 8.587166813047010603e-04
-5.252628041298082473e-02 9.462991618770644209e-01 -3.189966866548026303e-01 8.828649479713833806e-04
-2.072525193704951793e-02 9.254262040897758279e-01 -3.783606807216289281e-01 9.021019386689774948e-04
-5.738307295523613176e-03 9.299460518422976163e-01 -3.676512103778593610e-01 9.354584862511466752e-04
4.152657907868951420e-02 9.860427334878916206e-01 -1.612304901864039797e-01 9.112967980359747838e-04
1.093684583326594295e-02 9.551562343238110264e-01 -2.959002423716082242e-01 9.309315188868533741e-04
4.804116270554222717e-02 -9.744977397470711011e-01 2.191944386013230106e-01 9.095005968903475220e-04
8.825701565364697798e-03 9.118601992694936875e-01 -4.104059989572257372e-01 9.671330498199479835e-04
8.479793656919179523e-02 -9.688414915269395467e-01 2.327132876512694737e-01 9.167510159602751396e-04
-3.779540437357861715e-02 -9.692497860750156624e-01 2.431591240356284767e-01 9.816973990846413270e-04
3.464068822486815469e-02 4.591540765793409307e-01 8.876809993910426133e-01 9.105388018651771383e-04
2.011042281529989637e-02 4.133024225517655803e-01 9.103717253995927683e-01 8.912240830582395705e-04
-1.028514165390597042e-02 3.947836657420831230e-01 9.187165357847882907e-01 9.078889568398555363e-04
-5.670772733586226799e-02 -3.107623718489213038e-01 -9.487944887609930378e-01 9.231834553439893483e-04
3.945037987213906999e-02 2.301899695083023667e-01 9.723457437895796085e-01 9.491740164918226674e-04
3.018240264404910018e-03 -8.855582366903243241e-02 -9.960666425094283349e-01 8.406328078481925406e-04
-6.077067270679779865e-02 -2.978128917271191667e-01 -9.526879902989721094e-01 9.426345213185331837e-04
1.998717546692419314e-02 -1.879838665154047184e-01 -9.819687259514799926e-01 8.577541244411677254e-04
8.546453477742196880e-02 -2.598853798100758672e-01 -9.618499896845928987e-01 9.195578990674442912e-04
-2.385034173047598585e-02 2.002899056066077543e-01 9.794463307968618304e-01 8.910654529086825841e-04
1.830749234911951268e-02 3.641202154107160971e-01 9.311720058362690233e-01 9.229316625199592396e-04
-2.006745936463112320e-02 1.009073327818884314e-01 9.946934237570358439e-01 9.170137175327222005e-04
6.836924383480416645e-02 -2.530228119263596698e-01 -9.650415033263259890e-01 8.975643535873425657e-04
3.385155207821227002e-02 -1.773294611325781645e-01 -9.835691814185342219e-01 9.692858552621384143e-04
-2.334433672006388724e-02 -2.659011270770743340e-02 -9.993738078663517710e-01 9.493204863206685480e-04
-7.961797117242574995e-02 1.724144510338763980e-01 9.818015256359473586e-01 9.400643673819010547e-04
