9.990799693292440331e-01 4.284006216716133852e-02 1.985940228352793113e-03 6.948130590354386538e-06
-4.296949956407935048e-03 8.932162679912274417e-01 -4.496067557509516033e-01 6.903018414015634434e-06
1.069475498387303447e-14 5.527424706935933907e-01 8.333521231097584803e-01 6.303124009752795457e-06
-9.903954042804882230e-01 -7.398823218479581854e-02 1.168019035729176702e-01 7.139658838050077000e-06
2.111749642013436776e-03 8.718500688868523474e-01 -4.897683104238576557e-01 7.001376853751988436e-06
2.698436114385854498e-02 4.935912444567150947e-01 8.692752887603151235e-01 6.482630676067448689e-06
-9.951222992865421668e-01 -3.685968360218851159e-02 9.150395175844687479e-02 6.887622198750243527e-06
3.176087438457994233e-15 8.943392074545767345e-01 -4.473895193335663545e-01 6.945661681283016222e-06
7.651659011162131657e-04 5.262045095403196093e-01 8.503577062981056978e-01 6.392148617513995507e-06
9.999917589020295150e-01 4.059818718284173220e-03 1.021409905659000776e-15 6.676589075950747921e-06
5.168579556116723733e-02 8.877790634498871070e-01 -4.573586262849433925e-01 7.158549202871279813e-06
2.942341673256277778e-03 5.112638832130703692e-01 8.594187479613006886e-01 6.601783007094056155e-06
9.999999636458005714e-01 -2.696449468874619754e-04 1.406042808790482323e-15 6.064904374637745648e-06
-1.911772998592931733e-02 -9.067611426680414199e-01 4.212110427654207623e-01 7.099288893727252529e-06
-5.598976995214528796e-02 -5.300011536402667867e-01 -8.461465137910172407e-01 7.063611956191766751e-06
9.950589405427737733e-01 -4.145471249598000479e-02 -9.021757953840435496e-02 6.496640822610583531e-06
-1.723031170786677724e-02 -9.081206845099989433e-01 4.183538439210767179e-01 7.567309395450111448e-06
2.336874022903841674e-15 -5.077685373417412107e-01 -8.614935359512737589e-01 5.809214453283215654e-06
-9.966918075800824672e-01 -8.127386235898828581e-02 1.298780761163836111e-15 6.812922050983006902e-06
-7.031868279192381166e-02 -8.633787488596008641e-01 4.996322836527269384e-01 6.941340583395468964e-06
-4.934768647871974612e-02 -5.190146407400503259e-01 -8.533396794575266453e-01 6.164629549876774561e-06
9.956181846996760010e-01 9.255987464003574694e-02 -1.330788871093900941e-02 6.584516267142769997e-06
2.062881452427233126e-04 -8.819298783066351621e-01 4.713805757508944816e-01 6.677760576647731144e-06
4.425613992100475294e-15 5.567361089314765143e-01 8.306894154928416985e-01 6.346611550924345994e-06
