9.562894248466569103e-01 -9.615423887668764213e-02 2.761610006363950376e-01 7.369605537674521869e-04
9.499784677735516603e-01 -6.938542700737725111e-02 3.045103828863950923e-01 6.616563337265925259e-04
-9.832981411381643833e-01 1.753067515322536407e-01 -4.891123083136864058e-02 6.881258818419664627e-04
-9.409372635615669278e-01 -4.686962903752209253e-02 -3.353211951475116859e-01 6.241698331156457459e-04
-9.335331969027228505e-01 5.152986706445679410e-02 -3.547681539835579323e-01 6.286706559788659632e-04
-9.631971593726421643e-01 1.782573364886587686e-01 -2.011853726403634302e-01 6.035262518737870806e-04
9.063636594998428775e-01 1.663025469424415093e-01 3.883920437116471502e-01 6.499107373834316212e-04
9.348541225566523449e-01 -2.260062738295583740e-01 2.738045538856325734e-01 6.276407879900814443e-04
-9.415089492019841355e-01 -1.815146496346589366e-01 2.839248677741747495e-01 6.104097152640952564e-04
9.188092654531540004e-01 2.716854412981203892e-01 -2.863154810765233815e-01 6.120171642865515583e-04
-9.353533413461844193e-01 -3.169957623556208803e-01 1.569325125049199909e-01 6.242567593224607105e-04
-8.790048941854209374e-01 -2.973068035291864253e-01 3.727721295554898284e-01 6.679416550475111543e-04
9.337712720107297359e-01 2.418012632819175056e-01 -2.638244883302777732e-01 6.467975411420180849e-04
9.132245193464197941e-01 1.068258129789624172e-01 -3.932037931478843396e-01 6.374490208731048956e-04
-8.919827134003620595e-01 -3.126803452760774094e-01 3.264932475151063329e-01 6.606721284029401422e-04
9.516698567006869336e-01 2.246006498875248447e-01 -2.094732248221608528e-01 6.584665695486801576e-04
-3.545292961010660521e-02 -8.566004338003873064e-01 5.147609023566660502e-01 8.791513428295814545e-04
4.360896378889002334e-02 -8.637847856006177771e-01 5.019702206726548432e-01 9.466687218467361494e-04
-7.444764857690948368e-02 8.954130932036049595e-01 -4.389680399994073667e-01 9.195623130824902335e-04
-9.512063644309631111e-03 9.333135641014245198e-01 -3.589363616430116810e-01 8.617314620150243491e-04
-4.940122442475985975e-02 9.364588362075437766e-01 -3.472813947134907875e-01 8.820454743566128299e-04
-1.175479236504795022e-02 9.031348467275490677e-01 -4.291960781308016837e-01 9.147952233844475894e-04
-2.014397112580888424e-02 9.555275120064806726e-01 -2.942131781990528494e-01 8.529818694349873814e-04
-5.293773968932340146e-02 9.454301823533537430e-01 -3.214955147616987419e-01 8.760028685790175948e-04
-2.082110593499255854e-02 9.247066660463760801e-01 -3.801105935343550568e-01 8.979489374958617327e-04
-5.776567381167128055e-03 9.289729576795239252e-01 -3.701025198096445368e-01 9.292626402688758218e-04
4.198216896981210589e-02 9.857325738527745740e-01 -1.629993568520273495e-01 9.014074183496579868e-04
1.102031304711041833e-02 9.544527620739265972e-01 -2.981584774407669003e-01 9.238806973875617317e-04
4.836094994241293271e-02 -9.741525784756082107e-01 2.206535120273218631e-01 9.034865156293681986e-04
8.877421599751010931e-03 9.107734257739694694e-01 -4.128110442922862666e-01 9.614985134818032761e-04
8.532867615317757393e-02 -9.684438635039677168e-01 2.341698107516307359e-01 9.110488760143107016e-04
-3.809635059429866688e-02 -9.687502111020530604e-01 2.450952805770114928e-01 9.739423748490800463e-04
3.474573538546252977e-02 4.539040429153666234e-01 8.903728734061973071e-01 9.077859599786601867e-04
2.013094596479699655e-02 4.112488688134173231e-01 9.113007807053864484e-01 8.903154955967260142e-04
-1.028837557873447071e-02 3.941106634091862126e-01 9.190054049433671324e-01 9.076035818925107289e-04
-5.683810045558474605e-02 -3.039974588405415790e-01 -9.509758016664220381e-01 9.210658914883248843e-04
3.946883460172660729e-02 2.282568672523478392e-01 9.728006032313742946e-01 9.487302043047482003e-04
3.019064737189501406e-03 -8.544013947020161204e-02 -9.963387314640663739e-01 8.404032404383361080e-04
-6.088362301638482882e-02 -2.920647189969860502e-01 -9.544586865682611609e-01 9.408857610487690636e-04
1.999130819675059081e-02 -1.869196839745752015e-01 -9.821717667187482848e-01 8.575768040767919962e-04
8.558793146585894074e-02 -2.546484462058997145e-01 -9.632387423854568143e-01 9.182321233695440186e-04
-2.385445834455793973e-02 1.994609288072250186e-01 9.796153850856196277e-01 8.909116798680876987e-04
1.833226821934975589e-02 3.608797042095999164e-01 9.324321782475794018e-01 9.216843299570501606e-04
-2.007332538552924692e-02 9.799759157168055901e-02 9.949841876402442109e-01 9.167457389328839083e-04
6.838666152989404667e-02 -2.520785270886678475e-01 -9.652873565449842097e-01 8.973357490336973446e-04
3.386262034268150423e-02 -1.755342360484268283e-01 -9.838907738760550581e-01 9.689690365374277860e-04
-2.334367480502734515e-02 -2.763515926301884917e-02 -9.993454712055810374e-01 9.493474045119833877e-04
-7.962392804773982258e-02 1.719928755717229640e-01 9.818749822838028773e-01 9.399940386960273795e-04
