9.663588399564981835e-01 -7.910279582982114588e-02 2.447311588863107235e-01 1.029683064693161188e-03
9.548372619660288052e-01 -1.352488107083702762e-01 2.645629648367073816e-01 1.043483438729476574e-03
-9.927927307867132622e-01 1.046737162704284435e-01 5.836100426824965964e-02 9.849355962257011227e-04
-9.434464990528101946e-01 4.550948820424741831e-02 -3.283863424510578555e-01 1.040967899722245989e-03
-9.351933259748966831e-01 1.479964004519503662e-01 -3.217304904812047228e-01 1.031224813191605055e-03
-9.646299071112468537e-01 2.238653876034850942e-01 -1.391884712887125619e-01 9.915207221261857461e-04
9.095032094829353930e-01 7.821781088000581694e-02 4.082718285669232894e-01 1.070701595765673631e-03
9.366990086941768823e-01 -2.905124568968875942e-01 1.954417547482634465e-01 1.021737828576823031e-03
9.412912472917747131e-01 2.473588151229058063e-01 -2.297485676840816671e-01 1.012815129478492407e-03
-9.197758481565049271e-01 -3.342102298088648893e-01 2.057083164072070203e-01 1.044443840400271660e-03
9.343582705822364165e-01 3.477230235902110111e-01 -7.786732986210320728e-02 1.013098701156893433e-03
8.848646219857928541e-01 3.767469230751667730e-01 -2.740006509323183459e-01 1.075523830578262955e-03
-9.278531868449590991e-01 -3.138938207100177014e-01 2.013929814609254354e-01 1.063054701579396917e-03
-9.231256766350861565e-01 -1.974108618999536047e-01 3.299514157280304394e-01 1.040708664293642444e-03
8.998532159744675463e-01 3.819215212357399691e-01 -2.107134103881062592e-01 1.061499030829247394e-03
-9.557241365331017313e-01 -2.563809111882162650e-01 1.444306173439592333e-01 1.023801590214933966e-03
-4.932516457475868282e-02 -9.624123591788308341e-01 2.670757926872259214e-01 1.462319828102662299e-03
3.304966056749810560e-02 -9.654324790432643466e-01 2.585495084983726599e-01 1.566606649682522959e-03
-6.937742428607115985e-02 9.768533574940639896e-01 -2.023469568637116800e-01 1.507111740515452341e-03
-6.911380695414626879e-03 9.952628273512506007e-01 -9.697493134659949943e-02 1.431441368870866237e-03
-3.452038499556480539e-02 9.806578716643791216e-01 -1.926615731339492155e-01 1.524185038306869779e-03
-6.966259300163836488e-02 9.924246860821961391e-01 -1.011946915156258231e-01 1.431779984082661274e-03
-3.940653359909341430e-02 9.985689977760670022e-01 -3.615358613201165999e-02 1.430177597165956148e-03
-5.206698424804220154e-02 9.970720251455361671e-01 -5.600362330683229806e-02 1.444223859545078464e-03
3.133657468898056603e-02 -9.910182831385838664e-01 1.300030060106891761e-01 1.462446199926494906e-03
1.604409080249476552e-02 -9.929628077465439961e-01 1.173347756738012670e-01 1.521017809358689602e-03
2.583104637668396375e-01 -8.636283032712459562e-01 4.329224619922013018e-01 8.947220763188495993e-04
7.182468225879228528e-03 -9.981506740219552309e-01 6.036260514342572242e-02 1.477612751921070873e-03
-4.671778435564157006e-02 9.984727283209275939e-01 2.948998854294071839e-02 1.470486240744908616e-03
1.631344538848731327e-03 -9.871138296030491643e-01 1.600113312281290778e-01 1.481019882748900972e-03
-7.058945297718503820e-02 9.971849740715920118e-01 2.528352456087732195e-02 1.404495082602349836e-03
4.014373887379110717e-02 9.982314121403994545e-01 4.384664235055178716e-02 1.401608862000578489e-03
2.096036404609535192e-02 2.234620801791867006e-01 9.744872302195887181e-01 1.542425809128296962e-03
1.527875935833780327e-02 1.816046778515330029e-01 9.832529178674787040e-01 1.501790342936428846e-03
-4.133413469164658877e-02 1.538013811395579911e-01 9.872368634065773474e-01 1.508802736149105058e-03
-4.912032281034402897e-02 -6.811654269140336726e-02 -9.964674257088276255e-01 1.554971671606035369e-03
3.612253469745259783e-03 -2.132152302236403011e-03 9.999912027370193579e-01 1.562770646628324888e-03
2.745239509011867043e-02 1.496674084434220786e-01 -9.883552159287903871e-01 1.390120804698261698e-03
-4.185724756935603474e-02 -5.840860705830775573e-02 -9.974148612525410851e-01 1.579535587102034273e-03
6.617439595470168967e-02 4.678956789655208670e-02 -9.967104321998864203e-01 1.413312512622124121e-03
8.301761356193178010e-01 -3.704751411207969913e-01 4.166002324287657599e-01 4.454629112391266204e-04
-3.937989416187841901e-02 -3.150674733568417651e-02 9.987274647310570019e-01 1.479101997047126095e-03
-1.854017868226760790e-02 1.332548233753247380e-01 9.909083781165849425e-01 1.525194718588832651e-03
-2.789677145955590104e-02 -1.209761079209446671e-01 9.922633478338466206e-01 1.466895159865948999e-03
1.095648319939932086e-01 -1.546279541564269527e-02 -9.938593711124636965e-01 1.381518902510615703e-03
7.581054921662860879e-02 5.453027429007251126e-02 -9.956300567044582550e-01 1.454355644331406430e-03
3.460719150377724457e-02 2.055744464962448725e-01 -9.780293907874054726e-01 1.425730165206924365e-03
-6.642220261126258185e-02 -6.202985440887315988e-02 9.958616310322848664e-01 1.413829171459759495e-03
