9.978741831149406938e-01 -5.618675390349818499e-02 3.301762193855805466e-02 1.519680818082124862e-04
1.223749693809745090e-02 -9.996372224133031059e-01 -2.399306638398453206e-02 1.463197395997832789e-04
1.324371702293382705e-02 -4.503248470944464649e-02 -9.988977321429406420e-01 1.463882802855353768e-04
-9.992751461890153619e-01 -2.212239654260114013e-02 3.098034506156852053e-02 1.557375639299652553e-04
-7.740544527667123781e-03 -9.999349743896724929e-01 8.374423128808964126e-03 1.440998044709889737e-04
1.136236713071799714e-02 3.449871295489292250e-02 9.993401500078152866e-01 1.464224571515549214e-04
9.942399354221961305e-01 -9.442682031921117991e-02 -5.070035913157458496e-02 1.534766301671919395e-04
-5.607624174197270613e-03 -9.999253864066000030e-01 -1.085247302380960843e-02 1.487043678750350046e-04
-1.541360205174072042e-03 -1.575521887255861096e-03 -9.999975709668001977e-01 1.457349301452713359e-04
9.999349722719722555e-01 4.915689440291301678e-03 1.029015183448105629e-02 1.552799876688100748e-04
9.987106690935874855e-04 -9.995199598028150501e-01 -3.096534406039337661e-02 1.511141657579555828e-04
-1.076181260855975548e-02 5.285307141655144064e-02 9.985443085968769283e-01 1.490876136795278258e-04
-9.986752926199572444e-01 -3.887788259127215179e-02 3.370712321841975306e-02 1.512154688860896314e-04
-5.793444058787437616e-03 -9.998461473205910721e-01 -1.655650005613043194e-02 1.523185724100516777e-04
1.069768694792621488e-04 -1.078144330770821301e-02 -9.999418728286920688e-01 1.499812967497017287e-04
-9.990103803940876270e-01 -4.447763331001614723e-02 -5.712768176793645535e-16 1.499988194255489086e-04
1.806121563174289610e-02 9.984967077424745652e-01 5.175052770110709355e-02 1.619555298392189437e-04
5.803051002245444757e-16 -7.406087249873763434e-02 -9.972537225624810153e-01 1.449206344343921353e-04
-9.990030359439953100e-01 -1.168389492721088295e-02 4.308620166608526786e-02 1.506574471987198727e-04
5.742021908266944201e-16 9.947280225702247458e-01 1.025483354985845391e-01 1.608391973913639382e-04
-9.031145456323191878e-03 2.505640341013764053e-02 9.996452446042521922e-01 1.495251296262295796e-04
-9.982441923860682076e-01 -4.486408729354721819e-02 3.867487606707457198e-02 1.519605260709169195e-04
2.453624708003529151e-02 9.977524185788267941e-01 6.235450103504241309e-02 1.474775183933606248e-04
1.243556256687201184e-02 4.767911120745088605e-02 9.987852918110643463e-01 1.451369131613731512e-04
