-9.987328261624950354e-01 8.532538003744519553e-03 -4.959775943215654487e-02 3.560027923480960543e-04
6.584576994859791740e-03 9.952651179594755870e-01 -9.697416315137731557e-02 3.241490086618195555e-04
5.186524501831461451e-03 9.421120804434526819e-02 9.955387226232925713e-01 2.189628399551321494e-04
-9.997709537805686830e-01 -1.802253238366443786e-02 1.154245654840946496e-02 3.494053985247112847e-04
-2.075062971764332631e-02 -9.982734856969980308e-01 5.494960528235594971e-02 3.244684090534479177e-04
-2.601419088621194711e-02 -7.579837740283552894e-02 -9.967837618338457606e-01 2.645001092459167073e-04
-9.999799285190418274e-01 1.418128878096025199e-03 6.175068383165303876e-03 3.485545469085872083e-04
2.302143462883213297e-04 -9.999993694025877122e-01 1.099179594881291621e-03 2.586963373864255918e-04
6.326794294520956402e-03 8.583204982786088455e-02 9.962895316605019369e-01 2.666632178138403060e-04
-9.973327841003793992e-01 7.228533168444807588e-02 1.010685815945219085e-02 3.498956802926620705e-04
-3.052710301991173967e-03 -9.999939637063856024e-01 1.659370544521930222e-03 2.386081762874603135e-04
-1.178445207507332164e-02 6.910417919200978476e-02 9.975398433684183885e-01 2.508852674347049772e-04
9.992779076202531474e-01 -3.344290958504187589e-02 1.803427682430177453e-02 3.566348898558341883e-04
-3.331347256035094989e-02 -9.994428916226461013e-01 2.029514950551507355e-03 2.730431948681824031e-04
-9.947796319146268509e-03 7.155388420170283315e-02 9.973871279518510269e-01 2.976929789252175888e-04
-9.985529523559393272e-01 4.204310844517637757e-02 -3.353175172137887183e-02 3.559714188966783149e-04
-3.096603754509934248e-02 -9.964267898857939176e-01 -7.857962150995256856e-02 1.954764876600761898e-05
-1.205140462510568763e-02 6.212944072280389418e-02 9.979953387877288362e-01 3.500583808288180131e-04
-9.987854201017236644e-01 -4.821917816893090541e-02 -1.012894115573900744e-02 3.454233156124212646e-04
1.605839459727652005e-02 9.996067068114985465e-01 -2.299042540774529769e-02 2.622386711667054702e-04
-1.427066591812000340e-04 -5.871322304552410200e-03 -9.999827534558811681e-01 2.148274799206542510e-04
9.996965864300589866e-01 -1.776227594212649932e-02 -1.706565654884864211e-02 3.450845669171774869e-04
1.691541848550931829e-02 9.993810680157417803e-01 -3.084395417541598364e-02 2.424776504088478493e-04
-2.660487417659937893e-03 9.043368033797920258e-02 9.958989262305831813e-01 3.226878011990445502e-04
