9.944136536969161444e-01 7.441450702379522053e-02 7.485964524064631087e-02 2.156138069118130208e-03
-4.534983797519243076e-02 -7.210703698364053782e-01 6.913761016549627714e-01 3.636384074111195363e-03
-1.652805594211018136e-01 -7.394665855352642314e-01 -6.525883124560731829e-01 3.450812097338637301e-03
9.720774842605351962e-01 4.294636566177129078e-02 -2.306967149097587100e-01 2.607769811786384440e-03
-7.362396650270133791e-02 -6.231936012361488642e-01 7.785944046387239803e-01 3.369949387369438731e-03
-4.381921844672909822e-02 -8.447735283518691407e-01 -5.333268809001208144e-01 3.820513580575844986e-03
-9.965474253640129731e-01 8.255110242909900753e-02 8.862532826299186414e-03 2.099485070607775162e-03
-9.096681177701917975e-02 -5.436373791828089663e-01 8.343760777433465448e-01 3.928864086155895580e-03
1.055895542571510248e-01 7.814772207321493136e-01 6.149343050347181316e-01 3.186563632957247708e-03
-9.831221635623101918e-01 -1.800557474760843268e-01 3.241510933794299748e-02 1.968598159516595468e-03
-4.251244628750939711e-03 6.112138606771010396e-01 -7.914540690623176333e-01 3.345755098462688260e-03
-1.512333090780652589e-01 -8.015714978324037787e-01 -5.784562386974619885e-01 3.738667550338507610e-03
-9.890249293432191724e-01 -1.459180100622811949e-01 2.318670906153752834e-02 2.105725298951496936e-03
-1.140016897618790076e-01 -6.008019910219735138e-01 7.912272633797882149e-01 3.397172770664600230e-03
-1.747300109252323749e-02 7.551836969675899125e-01 6.552803049590182338e-01 3.354963212441643139e-03
-9.985853209787417528e-01 3.215788783809627599e-02 -4.234651078395609836e-02 2.290083932639078862e-03
4.396451693796125243e-02 6.054199597270787381e-01 -7.946910051173814438e-01 3.561195507297627155e-03
-1.559027469954469003e-01 -7.823748671569855651e-01 -6.029791876345009793e-01 3.941610489167207514e-03
9.972522224369205768e-01 2.023278530889025331e-03 7.405343468475437951e-02 2.125458181467805834e-03
6.095972310163411123e-02 5.091292144815776632e-01 -8.585285988950769331e-01 4.130824384185572198e-03
-3.326458100999846092e-03 8.356295848607463439e-01 5.492832890066463580e-01 3.655487757479641744e-03
9.978956260748055307e-01 2.091777702106002376e-02 -6.137398524838562353e-02 2.276954501629739353e-03
5.221670097540474786e-02 5.986595437794460794e-01 -7.992997978112034163e-01 3.824181830187331488e-03
-1.722433985212038290e-02 8.093212876337718686e-01 5.871135967591553095e-01 3.661476587350072972e-03
-9.925425220643856461e-01 5.375675696678368365e-02 1.094054522155210873e-01 2.074213438153088129e-03
-2.029720252682355175e-01 -4.254926376854385461e-01 8.819061017103798639e-01 3.699250875970376377e-03
1.201863747901940893e-01 8.244534986933429455e-01 5.530204913085022822e-01 3.291034515048016362e-03
-9.907536946511129594e-01 1.287466165405347363e-01 -4.279515468524007493e-02 2.099861109396116473e-03
-1.004451791486588863e-01 -5.806876973795007668e-01 8.079062842297286551e-01 3.698976555652433006e-03
7.914024440656965143e-02 7.646278924935835386e-01 6.395944087748806073e-01 3.668438745651004043e-03
9.962997454378849094e-01 -4.494903844493472467e-02 -7.325572457686620187e-02 2.435561654919250925e-03
1.526843979871838619e-01 5.706535356816860860e-01 -8.068717474452069549e-01 3.573656276281979641e-03
-5.109171481570236317e-02 -8.428064388851869149e-01 -5.357862850529683252e-01 3.654060196638705092e-03
9.850819572271293234e-01 -1.539655274396651563e-01 -7.686451655864229293e-02 2.208703749741802291e-03
-6.837911041691077663e-02 -5.497610879961574160e-01 8.325184943194194886e-01 3.767060641713593748e-03
1.632622735398708558e-01 8.367888100068539003e-01 5.226183286930393690e-01 3.386328721508071252e-03
-9.813786880925889911e-01 1.546889024536931001e-01 1.138736756908320935e-01 2.428599239360808119e-03
-2.849784411593468680e-03 -6.515662804292063903e-01 7.585863569406295914e-01 3.820194092904532004e-03
2.736453550983220309e-02 7.606886941500310417e-01 6.485398158853868944e-01 3.455297036568066252e-03
9.956860220657510752e-01 -6.183357116259056291e-02 -6.918059655829651711e-02 2.259924022400805563e-03
-1.660251843014436957e-01 -4.566634788121203825e-01 8.740103576599557167e-01 3.798797995515277443e-03
1.211026011936095076e-01 8.714050373083943590e-01 4.753813426478764037e-01 3.600476305950731353e-03
9.857017043400667644e-01 1.323946573203780425e-02 -1.679787683256953601e-01 2.131022214313426592e-03
-2.707595926420968552e-02 -5.116590667790655855e-01 8.587618364905945656e-01 3.527381768739742008e-03
1.618609568741846971e-01 8.492979007860889107e-01 5.024879166309532685e-01 3.460833700694984638e-03
-9.988599227969516825e-01 4.445641637403713320e-02 1.739200026581192923e-02 2.073104755392636556e-03
5.501915174632433098e-02 4.631317674830300879e-01 -8.845800466261714012e-01 3.789204450368086584e-03
1.645448041294505226e-01 8.423109983018246538e-01 5.132613267856679373e-01 3.391625228892301055e-03
