9.694357712039612940e-01 -2.448185164133027669e-01 -1.606796599978975795e-02 1.168166159351605475e-03
-9.979209135792200813e-01 5.197230807573358785e-02 -3.811468791025472008e-02 1.390891959216549725e-03
2.330751437761228451e-01 9.720646035432535248e-01 2.768363942903739883e-02 1.300483275591023157e-03
-9.991166777778133223e-01 -2.404892159760066341e-03 -4.195331548191724019e-02 1.367214306790704445e-03
-9.983151162708036042e-01 -3.237277732043205430e-02 4.815528957210998828e-02 1.327728921166909269e-03
-9.705726927505237134e-01 2.403080012540144694e-01 1.551491605836381044e-02 1.158073788537864694e-03
9.916709729260713146e-01 -9.471075499597052250e-02 -8.728433046058327316e-02 1.390319585096138743e-03
-1.278181692159428562e-01 -9.903352475743072425e-01 -5.383876884012378516e-02 1.305462552526683983e-03
3.395891098241210493e-01 9.376276717432182606e-01 7.438807478522924121e-02 1.707446263641040473e-03
1.342467127789739867e-01 9.861754259208412865e-01 -9.713830046838858867e-02 1.352363899712805215e-03
9.875593411367342700e-01 -1.203076820005106601e-01 -1.012551696716927768e-01 1.154856175716827919e-03
1.707714103879531542e-01 -9.837791509080557883e-01 -5.491545895951253226e-02 1.239336395580576495e-03
-1.077092155771794228e-02 9.955961421674452971e-01 9.312523261768163030e-02 1.374958677590248576e-03
-3.245676122297377897e-01 -9.410446188150312086e-01 9.534616138450002776e-02 1.333587756414152895e-03
2.128175164002352182e-01 9.742418676860443716e-01 7.457538441633021487e-02 1.242710775748405135e-03
-9.994722113662277696e-01 1.612325310059163977e-02 2.820176264273147049e-02 1.196946455383818926e-03
-8.741474355672478047e-02 -3.601726772328348036e-01 -9.287810857160282429e-01 1.055848826340049845e-03
2.391988962976623612e-01 -2.493306142677592652e-01 9.384125600176299598e-01 1.113492220368812388e-03
-1.329155323807422982e-02 -1.150408795571008919e-01 9.932718311938821820e-01 1.096048351602272545e-03
-9.108160956229259531e-03 4.349323091739526470e-01 -9.004170854890576337e-01 1.228971867701193375e-03
-6.954572222614838206e-02 2.081096765092820267e-01 -9.756299273101688430e-01 1.157045149536987385e-03
5.804876487368981069e-02 -1.818626864705410462e-01 -9.816090383479344483e-01 1.076618704103571777e-03
-3.526595408858675118e-02 2.830852401448811784e-01 -9.584461692209619299e-01 1.225247842696094167e-03
-3.176206722486391576e-01 5.843177780748012168e-02 -9.464157838405801160e-01 1.249828351901391193e-03
