9.266954542495566827e-01 1.153007484790813386e-01 3.576887927701554171e-01 1.194880062391087683e-03
7.300942877498356465e-02 -8.536775168688849336e-01 5.156591126922176471e-01 1.568894582328697130e-03
1.233944292316081215e-01 2.978185776500827942e-01 9.466139179417800698e-01 1.790614144355078723e-03
9.282930391051197327e-01 6.357257024998802519e-02 3.663748925087405572e-01 1.222167472960512466e-03
1.462098338589117308e-01 -9.084810954770485836e-01 3.915160068806526894e-01 1.563146451763178799e-03
1.246960402251294786e-01 2.644625753089492326e-01 9.563003941299675903e-01 1.752939293587179323e-03
-9.163349293113427496e-01 3.067362650110977973e-01 2.573774680328838049e-01 9.118941701054305085e-04
7.023505484160584567e-02 9.878076088182324854e-01 -1.389358306276764765e-01 1.685479976007177565e-03
7.614982274442338994e-02 2.384774555620030878e-01 9.681578939845844056e-01 1.740480419209338662e-03
-9.361544123880419788e-01 2.535560153615094015e-01 -2.435657267359139511e-01 9.374369644580871118e-04
1.224174490401997856e-01 9.897949120781890375e-01 -7.293833144938396962e-02 1.635066201382707942e-03
6.921203684715414306e-02 5.506239920890319828e-02 -9.960812347137294465e-01 1.484792558846792379e-03
-9.061769251352319587e-01 3.489965916427119064e-01 -2.388404475255950787e-01 9.347151399326180353e-04
8.479114772268658839e-02 9.903758040480842295e-01 -1.093902556171249540e-01 1.693791463617571246e-03
1.116580363210497723e-01 1.192825783413165031e-01 9.865617818612146817e-01 1.787355118614837157e-03
-9.060962666804708299e-01 4.160220405903319874e-01 7.691044955511137926e-02 9.378297938463954616e-04
7.514926491179327317e-02 9.961559327902101968e-01 -4.501050488589738302e-02 1.618686271589965834e-03
1.585062078387185769e-01 2.563858782608532394e-01 -9.534894144692954709e-01 1.369430299269492907e-03
8.689957280601089407e-01 1.974639857714392821e-01 4.537118016280136668e-01 1.315731794764411072e-03
9.488083880206184262e-02 9.926137643296516488e-01 7.560119900858573716e-02 1.635264697758670926e-03
8.419409547514436487e-02 6.950451318076085461e-02 -9.940223724517611714e-01 1.505053191288716107e-03
9.357000239467483382e-01 -1.488738378106974625e-01 3.198469096326690964e-01 1.195770130664299338e-03
8.364496995669915003e-02 9.947776825432226300e-01 5.848830066669961913e-02 1.642971232921691498e-03
1.943963798231188866e-01 1.703873475924256031e-01 -9.660114902484772115e-01 1.379333680520604226e-03
9.416366014220519665e-01 2.425505454607079503e-01 -2.334303831103408389e-01 1.044814077118748265e-03
2.363254262112353399e-02 -9.846058586585987316e-01 1.731843122930720458e-01 1.533903044096947754e-03
5.724149077003806152e-01 7.770840517970517558e-01 2.616897970594989631e-01 6.262990733073788051e-04
-9.191781768152182952e-01 -3.298033260291193258e-01 2.152701684088672573e-01 1.073243144098387286e-03
1.049086809281910178e-02 -9.976679832946817594e-01 6.744284094981262134e-02 1.546757670972228466e-03
-3.447079009808146077e-02 -1.556456880822639118e-02 9.992844984426747512e-01 1.544955281386783648e-03
9.372255449222418600e-01 3.407358185590501076e-01 7.421172344111756636e-02 1.050885733105700161e-03
-3.414741601024993273e-02 -9.989523653081033849e-01 3.046515756021362514e-02 1.511196954331955715e-03
-9.320623999526671602e-03 1.438408991632253164e-01 9.895569320136028413e-01 1.573054452031261109e-03
8.855609046271273321e-01 3.698793442969869893e-01 -2.810180685621739838e-01 1.102676288488883740e-03
-1.636916828625407938e-02 -9.963473336321806428e-01 8.380955252034531788e-02 1.538144705266550642e-03
-3.679561182103802119e-02 -1.137061651709096038e-01 9.928328111786199894e-01 1.534355285380468005e-03
-9.294779671235912089e-01 -3.088661087206493461e-01 2.016740824091196871e-01 1.103180455475057456e-03
-4.316333886667163278e-02 9.990671323358887301e-01 1.338381120856686670e-03 1.515642146196651560e-03
7.902307583083682807e-02 -2.368066611592549442e-02 -9.965914807675910758e-01 1.489613665311844770e-03
-9.269906443697216725e-01 -1.799639417482254977e-01 3.290916664418134796e-01 1.063844754063189265e-03
-1.093184815486804989e-02 -9.480037701617449741e-01 3.180712914662943702e-01 1.609069648221676937e-03
5.395148149383999225e-02 4.304615487390370254e-02 -9.976152896759309385e-01 1.576231783400504610e-03
9.037165496729232528e-01 3.665188036123075421e-01 -2.212698905090109136e-01 1.085451453177267494e-03
-6.299599082209900169e-02 9.980124792727180782e-01 -1.611321279119618021e-03 1.471577143129634618e-03
-1.040724570922334745e-02 1.850145927026940473e-01 -9.826806651826441863e-01 1.548227581639565397e-03
-9.574168072473130398e-01 -2.525337549690206407e-01 1.399276949056482144e-01 1.055606792134095246e-03
3.110498631121343810e-02 9.994228875413971869e-01 -1.365180152928498376e-02 1.508200826909988088e-03
-7.986796058985586033e-02 -4.669448936873855233e-02 9.957111697343813406e-01 1.485608356750923315e-03
