9.981727988939754770e-01 -2.590612494187528869e-02 5.458879224404084712e-02 3.277435375758256200e-04
-3.073019115423256814e-02 -9.687167811979197074e-01 -2.462589149191679871e-01 2.417447574049760937e-04
-9.515342492012530962e-03 -2.712482140154252042e-01 9.624623964865857140e-01 3.165354096779004404e-04
9.960109341031775365e-01 -7.578471698402802423e-03 8.890886296445538184e-02 3.553641587721198493e-04
-6.595416425165217048e-03 9.366633482682992229e-01 3.501689199415012332e-01 2.653907487544782378e-04
-8.319593307119163561e-03 2.734776959933018503e-01 -9.618423645075108164e-01 3.170452776573857013e-04
-9.978044757992781122e-01 -5.638827125489945247e-02 -3.473601790377692233e-02 3.621385304765289363e-04
-9.196232273444035141e-03 -9.755131970198069880e-01 -2.197485648466629138e-01 2.646133159526854782e-04
1.047760227778668117e-03 2.325752379738811326e-01 -9.725778430952956022e-01 3.119429121420147001e-04
9.935450084019316064e-01 1.183636596663457073e-02 -1.128193986879462568e-01 2.751606924614502015e-04
-8.897637736387206328e-03 -9.463897219051340404e-01 -3.229045157860681581e-01 2.528379377224503673e-04
8.645651012646736813e-03 -2.908760303008134929e-01 9.567216876997237662e-01 3.282111593878540628e-04
-9.969595078872510729e-01 -4.778220405873449123e-02 6.155160930877003056e-02 2.306802838485068536e-04
-6.560023513624759807e-03 -9.645463412510798529e-01 -2.638319951610420544e-01 3.310845512665337676e-04
-2.256300216615048440e-02 -3.128427786375690967e-01 9.495368906933396858e-01 3.208821384802108411e-04
9.989968104402702220e-01 3.818014434992286765e-02 2.340190820394755580e-02 2.541938987227677525e-04
-1.708548060011189779e-02 9.495050198524374041e-01 3.132862965845866765e-01 3.336994589520380131e-04
-3.632511106708928746e-03 2.932220416207005909e-01 -9.560374674513796300e-01 3.325069658820736947e-04
-9.956680254866565605e-01 -9.297927677546850844e-02 -1.926494572839288269e-04 2.702655277872847441e-04
-1.756755526060750985e-02 -9.634113021248157382e-01 -2.674510122252901634e-01 3.492540761691031569e-04
-1.265961849753528476e-02 -2.350290554794661202e-01 9.719058993235543120e-01 3.510675238577877066e-04
-9.952245089990082727e-01 5.857556038494347861e-02 -7.808380378332402394e-02 2.606196118724978385e-04
1.015516991455250005e-02 9.766245310550137892e-01 2.147123607657017430e-01 3.360529145238029731e-04
2.991861612416493125e-03 -2.305132446443235728e-01 9.730645881993847945e-01 3.892358320134011915e-04
