-7.365754551026537644e-01 6.716001118447374463e-01 8.006178058508686690e-02 8.807902878152234789e-04
2.740835691515735584e-01 -9.258531907160030272e-01 2.601423963181148102e-01 1.458287558027207727e-03
6.395227053388358174e-02 -5.515462877463861435e-01 -8.316891243528087285e-01 1.393439802590205889e-03
-9.139336956741368478e-01 2.035809324332515102e-01 3.511125230763237903e-01 9.094669032338179764e-04
-9.860692481728088044e-02 -9.421932734786711006e-01 3.202319624734937253e-01 1.480233765035955662e-03
-5.845368320295724757e-02 -3.656801811314416284e-01 -9.289032091922626577e-01 1.359742347649551229e-03
8.255012129523663367e-01 -7.532079908658313727e-02 5.593518790878695413e-01 5.629685067374691054e-04
1.182401366634381890e-01 9.389584714291443479e-01 -3.230731480845416281e-01 1.340873964521787981e-03
-2.593454144282293372e-01 -4.842221810092434131e-01 -8.356248173873855878e-01 1.432157978964011943e-03
8.809367762727648987e-01 4.293848479647689453e-01 -1.989448379536917777e-01 1.036798515646100921e-03
3.142301657006195403e-02 9.821986004912441892e-01 -1.851985508114977752e-01 1.326805662510326675e-03
-1.379097631211706199e-01 -7.525836414062730961e-02 9.875814274593965880e-01 1.512950812649802371e-03
7.439533322726041842e-01 5.286428993630319928e-01 -4.087421245156112604e-01 8.051707984422335710e-04
2.138178480246085422e-01 9.261454286082745346e-01 -3.107033519840439739e-01 1.462741699456275059e-03
5.947434888616891929e-02 -3.917798564424103125e-01 -9.181347101109567088e-01 1.497163522768288433e-03
8.315254753529335296e-01 5.501199585798868252e-01 -7.702866356844902118e-02 9.372886384886007375e-04
1.661447704134462466e-01 9.678649708043037814e-01 -1.887678827402776982e-01 1.282380111115036074e-03
1.139959149326768562e-01 -2.582816473608048335e-01 9.593203437930684085e-01 1.282868833759137845e-03
-8.870372338629928244e-01 2.324700215522914892e-01 3.989017859325368343e-01 1.183625949694275476e-03
2.153432504971098949e-01 9.744787002538687348e-01 -6.339201224815037283e-02 1.239114400184006520e-03
-4.590883003420652420e-02 -1.448967991638943908e-01 9.883811496163554811e-01 1.514924097375821557e-03
-9.512503110947813090e-01 -2.152627732191779719e-01 2.208727781055656869e-01 9.362767994561739960e-04
2.274023088851338803e-01 9.653889358154663647e-01 -1.277199769761626635e-01 1.299445422979257072e-03
1.471504816182382380e-01 -1.495695992146633957e-01 9.777400834323431988e-01 1.372384156620750370e-03
9.543178758758287250e-01 -2.442601558603589296e-01 1.720882565514559315e-01 1.010531054739214956e-03
-8.611028666539828624e-02 9.684862789465037425e-01 -2.337078219118005340e-01 1.454928048970408321e-03
8.085376562050367033e-02 2.280626034688784665e-01 9.702835242773021340e-01 1.436441178705423613e-03
-8.634905525024961781e-01 4.331093806839349525e-01 -2.584575982680956674e-01 8.150594286409565273e-04
-2.284932136163609906e-01 9.366395196450468807e-01 -2.655132041356209616e-01 1.712780819971249872e-03
-1.350368164353299982e-01 7.236398146286965316e-02 -9.881945721333691424e-01 1.385214857349761778e-03
9.137715831376165276e-01 -3.930257711730117953e-01 1.027240821036308205e-01 1.010169463931093409e-03
-1.720176068535980152e-01 9.847838979933797310e-01 -2.471066946332366523e-02 1.506986600848083183e-03
-9.894861231607354757e-02 -2.475714880008743624e-01 -9.638036783752987890e-01 1.420162026072864557e-03
9.003257757254773397e-01 -3.205308794648741300e-01 2.944035544516943603e-01 9.619653519059853186e-04
-2.206443509977615292e-01 9.622622097890820569e-01 -1.592718116447771337e-01 1.606694323130659473e-03
-2.443108009643409351e-01 1.776235591331061237e-01 -9.532901466883259012e-01 1.396759275538606276e-03
-9.289702644649583396e-01 2.534547879684825866e-01 -2.697682675848979139e-01 1.090408479317643911e-03
-1.473167809229259106e-01 -9.853855445304023908e-01 -8.551663399028840151e-02 1.182046619937971799e-03
-1.286437881771547720e-01 1.818852164433798491e-01 9.748684751302485463e-01 1.473727088411172026e-03
-9.066983132410796342e-01 -1.552596609950114559e-01 -3.921640045102241512e-01 8.859479250442972315e-04
-2.192689866733295578e-01 9.505711460180061856e-01 -2.198536054770671433e-01 1.524246623925279214e-03
-4.576784903468999327e-02 1.362612393780072428e-01 9.896151669401126449e-01 1.556071971095446043e-03
8.842300772649397400e-01 -4.115368716840242524e-01 2.208496631298439428e-01 1.087882151238828187e-03
-3.069253129770982413e-01 -9.456221540577389728e-01 -1.076828399008506326e-01 1.116100561156351716e-03
-2.615182498233827868e-01 8.111102537797294787e-02 9.617843867371982380e-01 1.518326475241074105e-03
-9.543715473295089069e-01 2.578674225684721155e-01 -1.505966202335629889e-01 8.726023981022664215e-04
-8.624131962221148751e-02 -9.952404499023905782e-01 4.537490129914090176e-02 1.272346369747612022e-03
-3.660661441238345359e-01 6.448002035028263523e-02 -9.283522527047237682e-01 1.289609927312585164e-03
