-9.989906446597329737e-01 -4.457185385278211037e-02 -5.571510249226798057e-03 1.989327764795264814e-04
1.591777992708097098e-02 9.684856328585060847e-01 2.485602607595429892e-01 1.902883238166726862e-04
-4.902827483001325577e-04 2.216254743774256630e-01 -9.751317391664615641e-01 1.848079839221615679e-04
-9.886273627862155466e-01 -1.836667375912377428e-02 -1.492601850641978034e-01 1.943648131618260801e-04
7.529578063309884774e-04 9.648221209025436007e-01 2.629024687439420749e-01 1.964783431626725791e-04
1.844631523464903763e-02 2.355019693593772834e-01 -9.716987989506414847e-01 1.881858838294329819e-04
-9.896938005169663155e-01 1.056977452163975068e-01 -9.661349737201671561e-02 1.957506068379914657e-04
-9.243624979798074903e-03 -9.626086847903926325e-01 -2.707380197965243429e-01 1.987228275617114589e-04
-7.630889484817055500e-03 -2.624661866381356456e-01 9.649110168286534339e-01 1.802376521979914435e-04
-9.938287568631586355e-01 -1.022502181428740914e-01 -4.300342918376947460e-02 1.910563170514781111e-04
-1.987752682427557441e-02 -9.600801870778531422e-01 -2.790177741791814436e-01 1.828300599671695047e-04
-5.562168280635674568e-03 -2.698012435641067852e-01 9.628999694959385902e-01 1.905447501408388605e-04
