9.742062795748832604e-01 1.247512365892233105e-01 1.880405642576197245e-01 1.499475276262494548e-03
-8.591714560328113093e-01 2.484984595217177017e-01 4.472951204225150690e-01 1.180796276316456494e-03
9.115059066168988977e-01 3.235758566350325771e-01 2.538811674886692904e-01 1.982725241042790614e-03
-9.360760003745655089e-01 2.009094089754728529e-01 2.887856140944052297e-01 1.307223391671564041e-03
-8.337849429336812168e-01 3.486456319639977819e-01 4.280758019901411138e-01 1.195734927287304830e-03
-8.782945904926837688e-01 2.660887277860098377e-01 3.972346929165571638e-01 1.254568501301603052e-03
-9.386627324399686723e-01 -1.641012376675145545e-01 3.032870892806378560e-01 1.272570614297061564e-03
-8.766145229968829167e-01 2.994236640785565839e-01 3.766861391937840198e-01 1.242161725547199450e-03
-2.416946741607419180e-01 9.675086499337740564e-01 -7.423406755431583015e-02 1.360929595697523515e-03
-2.485336169398839612e-01 9.501296548736114511e-01 1.883737778474778302e-01 1.628481704941416204e-03
2.789790587505524000e-01 -9.554166146675487914e-01 9.669424592940678576e-02 1.401542265262630850e-03
3.290516945352784939e-01 -8.990978907651662189e-01 2.887004765238376791e-01 1.311973730395433286e-03
-6.314193226889242005e-02 9.971447485317906922e-01 4.141795341180602719e-02 1.533102591062637582e-03
3.660050783023455212e-01 -8.978511244265398039e-01 2.447522033054904123e-01 1.316636381344716590e-03
1.675248008721191284e-01 9.368600171480491179e-01 3.069670167332542721e-01 1.561473824233675523e-03
1.362166518502286039e-01 -9.872895052995078746e-01 -8.188074550323996836e-02 1.531138570381584659e-03
4.491483626870895196e-01 1.273473074206921962e-01 -8.843350109478909093e-01 1.010484579386021443e-03
3.476874533897328923e-01 2.778610345483786825e-01 -8.954924233264439648e-01 1.086833191920985337e-03
3.008316582804292094e-02 -2.049900019876991220e-01 -9.783016417336962700e-01 1.212431738232859317e-03
3.346905143273947170e-01 1.579965221665033948e-01 -9.289883522426712892e-01 1.058539409810146372e-03
3.284799671844004232e-01 8.165977366814460014e-02 -9.409742783535599564e-01 1.090357184894723145e-03
-3.087293399745348332e-01 -2.090593638338076876e-01 9.278902828633845967e-01 1.095163408706941680e-03
3.168107462348522252e-01 2.461411583803272407e-01 9.159942582905784558e-01 1.607599859464149726e-03
1.742950762491773109e-01 4.163767130019484508e-01 8.923293446172139154e-01 1.638154633002994812e-03
