9.329508341644566771e-01 3.597786128581815790e-01 -1.273148701791231886e-02 1.214492897381969257e-03
-8.953386481174128164e-01 -4.441042398589851725e-01 3.376580113897183905e-02 1.542292506479736851e-03
9.202132534080303961e-01 3.903192491856015134e-01 -2.929935097227382573e-02 1.187663262344774420e-03
8.813537975097851529e-01 4.625901663625462956e-01 -9.605114054373534160e-02 1.245361880823714698e-03
9.328625551617466538e-01 3.599642004938284900e-01 -1.390063091863093410e-02 1.436616859912596359e-03
-8.200717798515984036e-01 -5.707506344105707230e-01 4.154502630836402061e-02 1.466522911657387653e-03
-8.626355591273368040e-01 -4.987937979441700587e-01 -8.405140844446136461e-02 1.301916353182333607e-03
-9.235353564184285435e-01 -3.741279991536735072e-01 8.432488182236239083e-02 1.602364655911096922e-03
-2.366160778411529608e-01 9.593000653075134387e-01 -1.541305174456696625e-01 1.463350249654434042e-03
3.522958666971685582e-01 -9.320538922492241918e-01 8.463547867863950580e-02 1.380844053590383211e-03
3.901969489925071755e-01 -9.159763661180894134e-01 9.345393362528178760e-02 1.515412790274601237e-03
-3.512280442921613122e-01 9.337846847304595022e-01 -6.844723124816770587e-02 1.435105216258199604e-03
-5.088593461668240447e-01 8.604331379090218723e-01 2.677650101687633136e-02 1.440721668605634458e-03
3.904602348920077071e-01 -9.203512557399694538e-01 -2.223445582737107462e-02 1.503646582243703313e-03
2.268833169154364227e-01 -9.707163112864507504e-01 7.895443944374570810e-02 1.382642933206587859e-03
-2.558716584806592365e-01 9.658504954174090829e-01 -4.077394864741663849e-02 1.464603367072774606e-03
-1.593600158178390680e-01 -3.398733492498391406e-01 -9.268713458880012412e-01 1.292088113212300476e-03
-1.295134637604800076e-01 1.134949461990347602e-01 9.850609929806585230e-01 1.234688173099648826e-03
-3.849800108468237614e-01 1.268842006344010065e-01 -9.141612499322799845e-01 1.259884242526570835e-03
1.442405457068912100e-01 4.197195040136260658e-01 -8.961195249098938831e-01 1.274574099896089337e-03
5.560502265515739895e-01 -3.939046170664311369e-02 8.302147535899857544e-01 1.334736545673812121e-03
1.139597821758451396e-01 -3.037257390285093006e-01 9.459195755972173991e-01 1.269209765145312436e-03
-2.972403556928081558e-01 1.868959587733030892e-01 9.363322442070552976e-01 1.221621383495256809e-03
-2.074698574163874321e-01 -2.810066764459090982e-01 -9.370120095582811226e-01 1.191837026256399677e-03
