9.990891771920321629e-01 4.149397622582160633e-02 -9.953188168586811144e-03 2.142463106740167265e-04
-1.219992601508541885e-02 -9.998309715366686667e-01 -1.375464144453654620e-02 1.852844298699910810e-04
8.203729851471490420e-03 2.479168439346204206e-02 9.996589774525407313e-01 1.806181136191098457e-04
9.978169051266834177e-01 -9.076167339785218627e-03 -6.541442524266057046e-02 1.890321113199088594e-04
1.088307003852805738e-02 9.998270252681729087e-01 1.508238475615652184e-02 1.961059111425227791e-04
-2.951619258990523949e-16 1.039279596365103725e-02 -9.999459934376745407e-01 1.986739643271190391e-04
9.992799895242147068e-01 -3.615572442038433865e-02 1.150070120133861278e-02 1.791303515878652679e-04
2.218809123334565189e-02 9.982790177374003537e-01 5.428343534331553366e-02 1.925788573281016843e-04
1.028549917918943069e-02 -1.075226826918148141e-04 9.999470970733940201e-01 1.903502710329097575e-04
1.430014531014098705e-12 -1.436620774382321492e-12 1.000000000000000000e+00 7.415024586124478460e-08
5.682949701781572570e-05 9.973334006107796856e-01 7.298003012157791569e-02 1.943741437087908588e-04
6.427630803826162248e-04 -1.081950995726319031e-02 9.999412608048070528e-01 1.901962116451675169e-04
