-9.921627841675771942e-01 -7.751212046456681937e-02 9.800449425372249890e-02 3.767780147323048162e-04
2.366078413268730279e-02 9.886389866655816983e-01 -1.484355797613172989e-01 2.803808617465140406e-04
-1.628212316996574885e-02 -1.459161046404034434e-01 -9.891629708352657202e-01 3.257986539187823771e-04
-9.898642065910597809e-01 -1.419807800414113197e-01 3.211013653671379153e-03 3.669871288581596450e-04
3.828351846921816768e-03 -9.955684988258144408e-01 9.396120405704976031e-02 2.506568060847628294e-04
2.676679002339573538e-02 -1.165203594676405968e-01 -9.928275503738679397e-01 3.397688161287279701e-04
-9.808297628182843786e-01 8.012853227546413992e-02 -1.776299374689073729e-01 3.710114485242610558e-04
2.320379061818282282e-02 -9.926549932965197387e-01 1.187335183696410779e-01 2.811612471366492397e-04
3.806166239791221317e-03 1.513830139719336276e-01 9.884678528810779685e-01 3.517948389584356003e-04
-9.945788650692942712e-01 -1.039637648396930930e-01 -2.101608391566105096e-03 3.841704044882156299e-04
-9.314611899912859927e-03 -9.933996821970377811e-01 1.143254539285919191e-01 4.687235805987252841e-04
-1.606613722597625624e-02 1.391965499927584060e-01 9.901344351676442113e-01 4.710430801688738007e-04
-9.840908045179604935e-01 -1.016248540071336554e-01 1.457315254542473071e-01 3.874499733001801941e-04
4.099492207269145143e-03 9.922633632032986650e-01 -1.240830859066673203e-01 3.788564497522998618e-04
-1.050591030266971419e-02 1.277920214381800534e-01 9.917453428705657048e-01 3.666610480545919948e-04
-9.974003723413773503e-01 6.812331373121256750e-02 -2.348853719499471859e-02 3.756539422063954678e-04
8.013333445588353629e-03 9.909934938307511931e-01 -1.336700477751489313e-01 3.704641460367118938e-04
1.050635087331651396e-02 -1.288408265406294773e-01 -9.916096298481849036e-01 3.591270045780610670e-04
9.955055957932721356e-01 4.588556346252813112e-02 -8.284397268364447620e-02 3.708451470927275561e-04
-1.653248014383315893e-03 9.961069129678258305e-01 -8.813787329355776690e-02 3.574972476511200118e-04
-2.028556817547070082e-02 1.163985013385057943e-01 9.929954101656000010e-01 3.431281246206586261e-04
9.999050790665461319e-01 -9.557811115207781941e-03 -9.923764588604968434e-03 3.692037412635678566e-04
1.303305560269257292e-02 9.967560227652150218e-01 -7.942021495140270948e-02 3.727192469813317964e-04
1.733072639126872344e-02 -3.893423887257112942e-02 -9.990914727722204347e-01 3.572734722421347397e-04
