9.571001899343394292e-01 -2.896528241267443682e-01 -7.776111049399366155e-03 1.250428915337448458e-03
-9.921215408523298418e-01 1.118753541555142506e-01 -5.638043374591199253e-02 1.472138701600117202e-03
9.841414386669727898e-01 -1.768875893086082896e-01 -1.328192181464094533e-02 1.188211254527217443e-03
-9.982331183642677574e-01 4.844327763466692305e-02 -3.440770629903192740e-02 1.445972839114191989e-03
-9.989195150851881699e-01 1.912219842855208268e-02 4.235733595531902124e-02 1.391685902816520038e-03
-9.536954903299845743e-01 3.004156493131848737e-01 1.467478694863945735e-02 1.240085285202511709e-03
9.849071939059010905e-01 -1.571406141450985838e-01 -7.255788570861826381e-02 1.487405317966256210e-03
9.970277555077093901e-01 -7.601166489479214972e-02 1.256509240639338415e-02 1.256762781359703528e-03
3.507790454496977905e-01 9.336727799192211519e-01 7.217479692602186969e-02 1.775394806971340462e-03
1.576284587014607497e-01 9.868271533457011468e-01 3.640657120661150437e-02 1.419805935301545526e-03
2.384234417791115945e-01 9.687198368770657542e-01 -6.881961966673282027e-02 1.359848789334758669e-03
1.740924556831201508e-01 -9.758428935398980597e-01 -1.319941816971491044e-01 1.317390447265986931e-03
-1.199792388242095983e-02 9.953292146211051294e-01 9.579041885410927160e-02 1.437208201711308178e-03
-3.290581349622541119e-01 -9.424541947387725660e-01 5.916785135911925564e-02 1.372521681600260852e-03
2.097795175037522886e-01 9.730979547884427427e-01 9.525189983639428815e-02 1.296864045916747837e-03
-1.249160421893334427e-01 -9.892891082342313291e-01 -7.551849265492580066e-02 1.328941551698009258e-03
-7.840587860840826651e-02 -3.592437648246938342e-01 -9.299443185665599021e-01 1.152910142237498952e-03
2.655371760420952715e-02 -2.745172384999934323e-01 9.612154731628770321e-01 1.162367406058179573e-03
-3.235359625519917265e-03 -8.822506700832344340e-02 9.960953117043922500e-01 1.142598722945771484e-03
-1.263804557806466611e-02 2.786487827961048880e-01 -9.603099164593771331e-01 1.207575350127304548e-03
-6.913813101413737727e-02 1.932555256784178610e-01 -9.787094669178540984e-01 1.211288448236615611e-03
6.292031953908951147e-02 -1.898714307697713100e-01 -9.797907292715822836e-01 1.118186592324992403e-03
-3.196028808365542623e-02 2.902831365937595942e-01 -9.564069429876063122e-01 1.270987456810312348e-03
-3.287137877312110712e-01 9.404028969934837001e-02 -9.397359574203079102e-01 1.278363066976291726e-03
