9.557710647223470746e-01 -1.015845976703998038e-01 2.760113065721295222e-01 7.373602425405930251e-04
9.498741094215261693e-01 -7.094345989783457096e-02 3.044769313895341889e-01 6.617290269013090948e-04
-9.831164195978995268e-01 1.763254977881036911e-01 -4.890219163579705847e-02 6.882530766407224127e-04
-9.412279820351472370e-01 -3.975035245138814483e-02 -3.354247982991643284e-01 6.239770448596634617e-04
-9.337172628704534239e-01 4.756041322079971462e-02 -3.548381040868854308e-01 6.285467245948398677e-04
-9.629032113917449509e-01 1.799070653759874960e-01 -2.011239749986675207e-01 6.037104919106443032e-04
9.058155784987603765e-01 1.698002943598089787e-01 3.881571818017517383e-01 6.503039782770688067e-04
9.345369440909105929e-01 -2.274260954166678339e-01 2.737116571371248641e-01 6.278538070081421093e-04
-9.422122616607474521e-01 -1.774887073393840997e-01 2.841369612407610434e-01 6.099540761526506000e-04
9.204732408627144258e-01 2.654341125317111749e-01 -2.868340020991132500e-01 6.109107969676631864e-04
-9.350225079692661145e-01 -3.179976645921825384e-01 1.568770056597896256e-01 6.244776363280841016e-04
-8.796965764044633040e-01 -2.948831890843447434e-01 3.730654610892203960e-01 6.674164701388208805e-04
9.349146638825461819e-01 2.369823817725877080e-01 -2.641475382939946770e-01 6.460065138110513989e-04
9.131693437235223199e-01 1.073834655655882403e-01 -3.931800363785981633e-01 6.374875368910087057e-04
-8.924565553458529976e-01 -3.111433296172579355e-01 3.266666883153236944e-01 6.603213503569065274e-04
9.526088490331657832e-01 2.203876518780452931e-01 -2.096799075815050928e-01 6.578175150488952370e-04
-3.578919595065177539e-02 -8.536333705256818893e-01 5.196433413199572637e-01 8.708910565340663218e-04
4.411770789157015010e-02 -8.603290943110117883e-01 5.078262274955758215e-01 9.357521952988262460e-04
-7.494506450810398124e-02 8.939277211051906979e-01 -4.419009693874371147e-01 9.134591100596436194e-04
-9.564769166806656037e-03 9.325457186444358060e-01 -3.609251969989329401e-01 8.569829933206365210e-04
-4.984007388184073101e-02 9.352856973034863186e-01 -3.503664245543284816e-01 8.742789293378447780e-04
-1.191366893391151462e-02 9.003530598785108863e-01 -4.349970483347395667e-01 9.025958306440299726e-04
-2.035638631487964728e-02 9.545622264019734127e-01 -2.973156125444928466e-01 8.440811587554339270e-04
-5.376746986385048943e-02 9.436547325789403917e-01 -3.265345385496127295e-01 8.624845457925296114e-04
-2.098885200256878081e-02 9.234381102319960677e-01 -3.831729696400493768e-01 8.907723942942258116e-04
-5.856825017468613760e-03 9.269073256130193617e-01 -3.752445966641422270e-01 9.165287063048571615e-04
4.253417409397901999e-02 9.853521084487039117e-01 -1.651425638950681507e-01 8.897090246582305649e-04
1.103851653243174795e-02 9.542985611331600282e-01 -2.986509791913361522e-01 9.223571368018486632e-04
4.939083264042137822e-02 -9.730245624224211909e-01 2.253524940481948236e-01 8.846472881738441782e-04
8.980890521445692234e-03 9.085762546945518325e-01 -4.176224766588392256e-01 9.504210803293293560e-04
8.614463726607064775e-02 -9.678273868295804716e-01 2.364090750646485051e-01 9.024194304868244721e-04
-3.854391486480487211e-02 -9.679994359685295535e-01 2.479747136131086882e-01 9.626331497731279926e-04
3.484252817008585967e-02 4.489979012368349731e-01 8.928532258527345222e-01 9.052641242932767595e-04
2.016718422182143394e-02 4.075924203351267705e-01 9.129412377398210543e-01 8.887156945829898565e-04
-1.030257363732078185e-02 3.911397218307210988e-01 9.202736413603475052e-01 9.063528061851499132e-04
-5.689801318266320823e-02 -3.008323199904588408e-01 -9.519782199950919122e-01 9.200960233630379797e-04
3.942841362020181595e-02 2.324687831216175615e-01 9.718043347677292054e-01 9.497028177715138852e-04
3.019560870077398710e-03 -8.350882160170840229e-02 -9.965024631012439071e-01 8.402651568875759347e-04
-6.088635606331142813e-02 -2.919240949346613712e-01 -9.545015319222439620e-01 9.408435268750760293e-04
1.999046465739789252e-02 -1.871374057441545502e-01 -9.821303236811950166e-01 8.576129913187895354e-04
8.567685753225684486e-02 -2.508018476327705804e-01 -9.642395497527499471e-01 9.172790682141222958e-04
-2.386213486936437575e-02 1.979054198342498350e-01 9.799306318917200276e-01 8.906250707424461129e-04
1.832135616798119537e-02 3.623110363078261842e-01 9.318771597575054022e-01 9.222332776802358517e-04
-2.006596491805157784e-02 1.016351810476358586e-01 9.946193478036318147e-01 9.170820136759260050e-04
6.844605125936500944e-02 -2.488299914906385857e-01 -9.661256509387218250e-01 8.965571427240683240e-04
3.387544117645823610e-02 -1.734307776308298965e-01 -9.842632878734560720e-01 9.686023109533229260e-04
-2.334730450667484025e-02 -2.128229095774348406e-02 -9.995008591611428406e-01 9.491998136910722748e-04
-7.960131965820591016e-02 1.735873023680337968e-01 9.815961890539617318e-01 9.402610160712472675e-04
