-9.999433677806732756e-01 -5.059164256657521575e-16 -1.064242601314249748e-02 2.034973929257758395e-04
-2.592867968850240401e-02 -9.643089975327621133e-01 -2.635068516129526750e-01 1.818276359471395322e-04
-2.365780567776284287e-16 1.964448603743810529e-01 -9.805148733356826574e-01 1.967888680324645788e-04
-9.993370446799753060e-01 -1.097569568337056559e-02 3.471318531277554215e-02 1.848598616753932826e-04
-1.077520508213490776e-02 9.690332431226021948e-01 2.466950925306983788e-01 1.936501682904179147e-04
7.548817302442243325e-03 2.220016472902657245e-01 -9.750170685468756426e-01 1.932899314551918388e-04
-9.987047955896912743e-01 4.133125236049712409e-02 -2.967252676240704143e-02 1.919931429352918066e-04
-2.170120740024562497e-02 -9.710492050024117638e-01 -2.378917801470990800e-01 1.793188489802818614e-04
1.127808589494392125e-02 2.123162120436697664e-01 -9.771359326531664502e-01 1.797076731224429630e-04
-9.979037972736135576e-01 2.146855865071213218e-02 6.105008088744693501e-02 1.898227056935933505e-04
-3.216504779997360342e-02 -9.620956791196147995e-01 -2.708086296988941877e-01 1.827144482278685576e-04
5.023986217391523250e-16 2.339880707736168852e-01 -9.722394677936299079e-01 1.945511274950322467e-04
