9.367468420372632165e-01 3.486545858673330556e-01 -3.074627923657295009e-02 1.311890543901639674e-03
-9.388224138868136448e-01 -3.318263957348392967e-01 -9.221560755838580092e-02 1.180806350454824622e-03
-9.452741812221979734e-01 -3.240013317279298866e-01 -3.846894011057770679e-02 1.224804377017809460e-03
9.704927466285759863e-01 2.299174912525270009e-01 7.267582787603357741e-02 1.294958771312720424e-03
9.892729337625493224e-01 8.028056613574047207e-02 1.220413586689519242e-01 1.308481555354251528e-03
-8.275709711040716288e-01 -5.583591666049712021e-01 5.797696830695533293e-02 1.340424662689329626e-03
-9.069165057194215063e-01 -4.178630325907750076e-01 -5.378603580591841127e-02 1.331246521132763150e-03
-9.845206708674931750e-01 -1.465797318519992121e-01 -9.609074276337584153e-02 1.285487266973267583e-03
2.516466484189655572e-01 -8.349071064322198810e-01 4.894937057496036026e-01 1.436060973532128898e-03
1.777473791129607628e-01 -9.795399512827094313e-01 -9.437877441215623830e-02 1.252565968383265258e-03
-3.464455695871706542e-01 9.308912235621258358e-01 1.158317625197392980e-01 1.689103010875957645e-03
-3.521882120437079267e-01 9.359072935011215622e-01 6.403223318108088036e-03 1.451268886048269827e-03
-3.569288475868206412e-01 9.307893429725488943e-01 -7.894933039028731447e-02 1.378325747439022690e-03
3.908390440072632699e-01 -9.198957707113537552e-01 -3.219647040985760406e-02 1.338703973027924625e-03
-3.526099118505429675e-01 9.357528313508070017e-01 5.734865621845693442e-03 1.242326083330564431e-03
-3.113279692025869294e-01 9.490995892469107353e-01 4.780026447142866203e-02 1.282803655986628844e-03
5.878513580358121215e-01 1.167572747945938572e-01 8.004989191985153463e-01 1.324687325820580325e-03
-1.176942414851441382e-01 -3.932627546492207804e-01 -9.118620900810292529e-01 9.870733701331409204e-04
-1.921103687880202360e-01 6.326384097633934445e-02 -9.793320645363611243e-01 1.121264924351249260e-03
2.926850101772849322e-01 1.498962762154125994e-01 -9.443868863946996983e-01 7.593899186681083444e-04
-9.993778056010775568e-02 -3.399155625701384964e-01 -9.351309268435868960e-01 1.161090393862226726e-03
-2.381130900254487259e-01 -9.175620670052823946e-02 9.668934558111677013e-01 1.114937741864604559e-03
1.516269330585927055e-01 -2.248336461569298839e-01 9.625274566094337292e-01 1.145858695845975925e-03
1.910920899354895119e-01 3.533996759316489489e-01 -9.157469531565433085e-01 1.147113885085084169e-03
