9.400141738023587434e-01 -2.335665185651946141e-01 -2.486363498284262230e-01 1.107113844400236226e-05
1.128056546358001920e-02 -2.376361533568976947e-01 -9.712887353720102146e-01 3.292047462370491923e-04
2.530841549419227815e-02 -9.154158343537585063e-01 4.017129999384954631e-01 3.282855587053390921e-04
-9.990674212166845702e-01 1.546373703948283364e-02 -4.031328193309717534e-02 2.288419831064615812e-04
-1.800298599626722409e-02 -3.096922139584482037e-01 -9.506664110552833780e-01 3.197129378388862395e-04
-8.664533925901831204e-03 -9.622960836150459274e-01 2.718660944490710052e-01 3.369393946216355743e-04
-9.955001467030448747e-01 -9.475497684890860084e-02 -9.758465960024229188e-04 2.698637295926464581e-04
3.445996713105482778e-02 -2.450086144577651170e-01 -9.689082977799358121e-01 3.304624789978889417e-04
-2.681580307755580816e-02 9.476420503363163217e-01 -3.182066264861375671e-01 3.290104604929898458e-04
9.393148974996868850e-01 3.426706637912175224e-01 1.625852121317371973e-02 4.005744757534488880e-06
-1.319299114701630478e-03 2.360624499694853606e-01 9.717369907357906733e-01 3.186502339608675727e-04
-5.395215883119410145e-03 -9.624301497882000733e-01 2.714757787063831751e-01 3.321673955460377838e-04
9.896077373721113846e-01 1.394390814855288596e-01 3.511792544730055199e-02 2.443268043202522790e-04
-2.770562187199972215e-02 1.915268170073546050e-01 9.810962628018297105e-01 2.600732213358323544e-04
1.119161630126944140e-02 -9.650856663680665859e-01 2.616952508080153672e-01 2.289583687644690196e-04
9.993495929355384888e-01 -2.573348228593530518e-02 2.526220475359921419e-02 2.412849676559192084e-04
-2.034693326824216567e-02 7.447140522062645207e-02 9.970155525923570794e-01 1.472694611070801087e-06
2.325280317955046722e-02 9.613339400375732202e-01 -2.744018273921090545e-01 2.337201621042347716e-04
9.962486653577804496e-01 1.299650269771931987e-02 -8.555517337057672034e-02 2.329856593919896657e-04
-8.963365581342362318e-03 -2.172122900202155538e-01 -9.760832337160745276e-01 2.372369868863604639e-04
1.883421431593915174e-02 9.709763819520728090e-01 -2.384326698721540572e-01 2.720091861639981480e-04
-9.868241014153618096e-01 -1.083229462522498493e-01 -1.201845754703810831e-01 2.928034606895497764e-04
1.538176236613894403e-02 -1.536114189961398924e-01 -9.880116058733844353e-01 2.274088771811125654e-04
1.012054428600522513e-02 9.815015122964436678e-01 -1.911867044099802015e-01 2.503512662034057838e-04
