-9.996609712957358340e-01 -1.813534929769718487e-02 -1.868292198550445052e-02 1.574576108195018648e-04
-5.430557168374852174e-03 -9.690926810788931256e-01 -2.466371515570266737e-01 1.520293364956662419e-04
-1.369434574425165523e-02 1.941818074021770535e-01 -9.808699661874965559e-01 1.491086293538256555e-04
-9.994205784103180612e-01 -2.499342073222093896e-02 2.310489926590000159e-02 1.506939837325758696e-04
-1.375047394626090040e-02 9.750511554933983804e-01 2.215539858301848186e-01 1.573575493349927009e-04
-1.176807884215661480e-02 2.180712045477995464e-01 -9.758619072734813216e-01 1.526633761425007306e-04
-9.988172543106289547e-01 2.210476446597278363e-02 -4.330671863903341745e-02 1.518545241070866825e-04
-1.103616884210138933e-02 -9.750314095588790142e-01 -2.217925908386348122e-01 1.533996877480343576e-04
5.333527202950461885e-16 2.209016657355344360e-01 -9.752960853378148665e-01 1.498153409118012315e-04
-9.987800558419229757e-01 1.199503953071742041e-02 4.790113859880285041e-02 1.471840852146270135e-04
-1.037711596179295183e-02 -9.657941638168000553e-01 -2.591021972151595354e-01 1.573974636284032852e-04
-1.069330897860365850e-02 2.289001556407147531e-01 -9.733911710565000819e-01 1.527433402917929514e-04
-9.999047480340329530e-01 1.084148274716367419e-02 -8.541493478303656059e-03 1.504106853378216137e-04
-2.131900328071449982e-02 -9.659643867671586781e-01 -2.577950806292937380e-01 1.526160124439042279e-04
-1.075755945110183544e-03 2.399091941098600023e-01 -9.707947369710571150e-01 1.518310672218571263e-04
-9.997710149104821475e-01 1.849881785904213330e-02 -1.075692719518502559e-02 1.516105586538912884e-04
1.140627817688132616e-02 9.683958847914990731e-01 2.491571936289244393e-01 1.489886046881277396e-04
6.350720472025229284e-16 2.172736745519685542e-01 -9.761107264786537119e-01 1.437936642112896718e-04
-9.979368374884585169e-01 1.228308935385398828e-02 6.301741108185059115e-02 1.427551626012807449e-04
1.139920217407066998e-02 9.657753496089324097e-01 2.591293736293495686e-01 1.523558704141508987e-04
-1.026853975671951531e-02 -2.260635571354145390e-01 9.740584300885382074e-01 1.594184680628531084e-04
9.993388361986879076e-01 3.462928849562470907e-02 -1.107713154832370983e-02 1.546533735724788710e-04
-1.055760966160121730e-02 -9.631937320785639578e-01 -2.686007657524471237e-01 1.478688963537251046e-04
2.324206897872144878e-02 -2.127363087888083093e-01 9.768331838919587229e-01 1.565117087214624775e-04
