9.617204545252397985e-01 2.709167386935296684e-01 -4.120543706148566132e-02 1.237483183038332697e-03
-9.268042509050785638e-01 -3.746133271725982650e-01 -2.643360756597749189e-02 1.585947663914543011e-03
9.566609851820246924e-01 2.850175961831972749e-01 -5.970535400204996651e-02 1.222302359012450391e-03
9.202981851092135734e-01 3.865337691438318624e-01 -6.035640642177701742e-02 1.314573884317573466e-03
9.546960220256334173e-01 2.954476426741673989e-01 3.558364746212653446e-02 1.495976862174538350e-03
-8.652865294997569290e-01 -5.007733603659656474e-01 2.247806517574808816e-02 1.502965805936963420e-03
-8.962920837526253681e-01 -4.343847931582828226e-01 -8.927682832186918660e-02 1.321084254445886817e-03
-9.514478333770030050e-01 -3.012515539127584852e-01 6.320222802524534667e-02 1.626553209313721503e-03
-9.745003095152263151e-02 9.846891243864264176e-01 -1.445365690150418880e-01 1.441689487652408376e-03
2.518007643232985093e-01 -9.671617454205818643e-01 -3.456202079184967496e-02 1.360308897328728209e-03
2.608906730853568501e-01 -9.636557141031678597e-01 5.747800773672658015e-02 1.462249241020266346e-03
-1.959653608942726610e-01 9.787555099463398633e-01 -6.029286093110715339e-02 1.436533363320524528e-03
-3.790015998752735427e-01 9.223711651644740384e-01 7.476109258908444910e-02 1.427022696579902062e-03
2.602200261104823942e-01 -9.642977363394824586e-01 -4.914685851211300638e-02 1.464936412109575431e-03
8.828776662963816468e-02 -9.939268648039915055e-01 6.568605395712676098e-02 1.326780486521136589e-03
-9.538693943772171002e-02 9.953959702516870234e-01 9.391176252573081584e-03 1.460235190503418861e-03
-1.922697029198735252e-01 -3.328387730583402537e-01 -9.231742590042913976e-01 1.305683983075453698e-03
-1.243442592307182348e-01 1.319250215404575433e-01 9.834298622107799925e-01 1.255350267754767055e-03
-3.561057455605783351e-01 1.555313509047843989e-01 -9.214112528423328285e-01 1.227583018905263395e-03
2.482464547609265770e-01 3.946964222800513622e-01 -8.846402839222045067e-01 1.276895452543568921e-03
5.279332544705900299e-01 -6.283060209156782205e-02 8.469585552226874814e-01 1.330774710664006872e-03
5.269184357272279490e-02 -2.954684505397801586e-01 9.538982987491533283e-01 1.269730820025484746e-03
-2.771499985182451220e-01 2.277667757154944461e-01 9.334399681830130024e-01 1.261541880293081839e-03
-2.256185227157257445e-01 -2.820565034852634545e-01 -9.324915072263345595e-01 1.199466593251069090e-03
