9.956807957579493218e-01 -8.225299691448584305e-02 4.306039314035830373e-02 1.902238868260919702e-04
2.191847567862350091e-02 -9.991546582777375285e-01 3.477857481012085195e-02 1.850726890581395054e-04
5.127574739472408987e-16 -4.712619007529807863e-02 -9.988889438816443977e-01 1.836502458423397498e-04
-9.990796348667310145e-01 -3.207152917480256271e-02 2.848333216021680520e-02 1.943626486320533216e-04
-1.803226270848532842e-03 -9.991136564249465390e-01 4.205531976088282969e-02 1.712410975227862155e-04
3.184329921487606772e-03 3.379551489801650710e-02 9.994236955444517623e-01 1.839910699295960433e-04
9.926657216198249145e-01 -1.148098793352637093e-01 -3.786101858131245973e-02 1.945689208987772629e-04
1.520286139703510921e-16 -9.994466084721232990e-01 3.326374623475580883e-02 1.871093350837505962e-04
8.522532924220128578e-03 -1.971608351222325570e-02 -9.997692946292632277e-01 1.827777398096590246e-04
9.996209184089641653e-01 -1.004373248510246307e-02 2.563479894570593401e-02 1.943675873282021906e-04
1.854580527835338359e-03 -9.997697097410288558e-01 2.137961682080950776e-02 1.924227509764696851e-04
-8.680205635338431036e-03 3.348514498840435977e-02 9.994015204587362033e-01 1.887405541368893547e-04
