-9.924538115728009924e-01 -8.152629968769103952e-02 9.159090759377847002e-02 6.448288130325676213e-06
5.111202518134369543e-02 9.585117861821180751e-01 2.804330876195374467e-01 6.268020416918020562e-06
-3.729837384320611876e-02 -1.906123162214387046e-01 9.809565618381634877e-01 7.277705528814510635e-06
9.970032052856212523e-01 -7.736025239227978245e-02 1.331007658016328331e-15 6.420030209125004428e-06
6.434151717812681970e-02 9.623438744461340066e-01 2.641106519684891518e-01 6.529286357546179401e-06
3.284988057620271029e-15 1.983475446510059581e-01 -9.801317521287212786e-01 7.458675586693842385e-06
-9.988118023315853966e-01 4.872758814958234180e-02 7.782520510099846496e-04 6.153654357889549315e-06
3.754669368199307911e-02 9.499981194543658525e-01 3.099900302053582024e-01 6.483092458803383840e-06
-7.724026188429269912e-02 2.128786401966355768e-01 -9.740208552654698870e-01 7.186356794121480725e-06
-9.991026171459690408e-01 -7.572809592118109326e-04 -4.234839946945127831e-02 5.922594583161191421e-06
7.002712736303902397e-02 9.520381417351170272e-01 2.978583188612093369e-01 6.537824967544444766e-06
9.233673185694582794e-16 1.997900380547224519e-01 -9.798387319830200726e-01 7.311448920196694180e-06
-9.999998860419027080e-01 3.836422113023770820e-04 -2.841387604140105361e-04 5.847877363422709775e-06
7.925710276253523923e-02 9.544396553602205735e-01 2.876860370917440624e-01 6.076516877777840831e-06
-1.360671731084617445e-15 1.741753818893974348e-01 -9.847146471662145961e-01 7.442448641434746267e-06
1.000000000000000000e+00 -5.287732265193658473e-16 -5.142973551714180725e-16 6.321551564198679009e-06
1.148237018015076514e-15 -9.668609806661637718e-01 -2.553034352790108374e-01 5.921810696013336153e-06
-1.087370939929755559e-02 -2.220501498169843713e-01 9.749746116746601521e-01 7.047370139995798041e-06
-9.963871260100322091e-01 8.434969638196096464e-02 9.890593598921625443e-03 5.861813940839604147e-06
7.962717214130619892e-02 9.329917419897943986e-01 3.509785219007391377e-01 6.271640095058621121e-06
-4.623223390030936457e-03 -2.338626607856411077e-01 9.722586495864905531e-01 7.170838854256334761e-06
-9.999293333535621553e-01 -4.252441870015698913e-15 -1.188815793556108509e-02 6.365205891085950911e-06
-1.822788492215437813e-15 -9.454942789112811274e-01 -3.256387086113021745e-01 6.174510196416839374e-06
-5.886781887824825421e-02 -2.202292736657887606e-01 9.736701941217863476e-01 6.888277056767225892e-06
