9.990047704966099618e-01 4.460345866651607011e-02 -7.708188396142687919e-16 1.895859173018255440e-04
8.723266147997392472e-03 8.748101614267103088e-01 -4.843873306479892227e-01 1.924299722488818096e-04
-1.257214009758190684e-02 5.159535303135333040e-01 8.565243113014181509e-01 1.793223792314852330e-04
-9.946504897300751935e-01 -6.065705694329744796e-02 8.361294590372572721e-02 1.991685228638917244e-04
8.512154861239803472e-01 5.172011838894977620e-01 8.907935544231222746e-02 2.642194219486656191e-06
-1.066584341012666998e-02 4.967290499015840632e-01 8.678401297290995187e-01 1.832656498967570710e-04
-9.972576809366038297e-01 -4.013788612752953316e-02 6.217771232652809232e-02 2.007503690789707012e-04
1.121955947007350490e-02 8.724780767063859965e-01 -4.885244386435778630e-01 1.910676999890166257e-04
-2.462505894955686891e-02 5.267566460453899646e-01 8.496593684052112794e-01 1.758914598743745704e-04
9.994371790297849056e-01 3.221032990972070437e-02 -9.371222977414071786e-03 1.943497427573798446e-04
1.915955651836107401e-02 8.703501520314105289e-01 -4.920604884086103858e-01 1.942662311093699360e-04
2.618488355645826743e-02 5.060841655481886914e-01 8.620865207474991410e-01 1.801657472840581271e-04
9.998535736667250040e-01 -3.636336528509599795e-03 -1.672149163593166302e-02 1.903536681356995562e-04
-4.993189833445399461e-02 -8.860865301337735866e-01 4.608225978011572521e-01 1.910440104041244435e-04
-1.672719068158328923e-02 -4.940029695692000344e-01 -8.692992966457029347e-01 1.899038161823178583e-04
9.984001401709777790e-01 -1.199253814423853134e-02 -5.525702792795625373e-02 1.872968623829307088e-04
-4.052189562744109436e-02 -8.915391389071982697e-01 4.511274096875183548e-01 2.046351307800258010e-04
-6.725166619419883744e-03 -5.039598133593410356e-01 -8.637009196780789377e-01 1.781262675159807709e-04
-9.991994975210533037e-01 -2.200911482621896453e-02 3.340603266239316332e-02 1.873236818388193279e-04
-4.355450001633481838e-02 -8.746365913842661932e-01 4.828186393875440463e-01 1.939005760272270533e-04
-3.552734220507387797e-02 -4.718116874306305109e-01 -8.809832799546791771e-01 1.805767485689644921e-04
9.989449311455068647e-01 4.592411717930200421e-02 -6.094164443939140246e-16 1.849850169919838884e-04
-2.550190982904349327e-02 -8.548614226557212925e-01 5.182292935082959406e-01 1.813141537062123282e-04
-4.512470700043360455e-02 5.224741199128053459e-01 8.514602485374549445e-01 1.766049510027980682e-04
