9.748887685500845501e-01 2.141636990458640477e-01 -6.103932311135518152e-02 1.364926504804684195e-03
-9.789067280225773882e-01 -1.945856574150132690e-01 -6.227390914740105199e-02 1.209691814193223193e-03
-9.985468795629337535e-01 -5.126906306925785306e-02 -1.660158086233092314e-02 1.247771720245070132e-03
9.921901268328390255e-01 1.206836177353405593e-01 3.153120082941453239e-02 1.344991474744431075e-03
9.976609212142251160e-01 2.274700624758344003e-02 6.446130613597762793e-02 1.329417670508938141e-03
-9.665205069577450514e-01 -2.469118922852993891e-01 -6.980420530481079577e-02 1.249007378500850566e-03
-9.730083592946594528e-01 -2.264528636334087741e-01 -4.442784369000786493e-02 1.311625272909950572e-03
-9.913307440730972919e-01 -1.198931776068176691e-01 -5.374924947214965859e-02 1.399418946906795524e-03
1.924940064517954574e-01 -9.810395287651116902e-01 -2.252777131594724952e-02 1.271816593201519855e-03
5.880640389485568970e-02 -9.960752085882408347e-01 -6.615123352476197371e-02 1.279606127479703198e-03
-2.499216985819223968e-01 9.631071465284564148e-01 9.981868003405418299e-02 1.561188913112118931e-03
-2.352468339549234899e-01 9.715130395944648889e-01 -2.865904764831302132e-02 1.456579505627321859e-03
-2.460348328056697897e-01 9.631266976864552021e-01 -1.088752738222483613e-01 1.386790220489371710e-03
2.903259971013349983e-01 -9.568541381128456980e-01 -1.187323811935236950e-02 1.366135529384004390e-03
-2.406589127544900841e-01 9.695415298313074803e-01 -4.552482448285492811e-02 1.227860663402108093e-03
-1.860106826139683311e-01 9.820962778177664276e-01 2.978132048741456012e-02 1.289564422472471925e-03
2.448550556388587596e-01 1.607354566536554619e-01 9.561433546819391172e-01 1.155025356566337282e-03
8.176891006626758884e-02 -3.776990264531137065e-01 -9.223108428089440425e-01 1.167333218083977959e-03
-2.192337562898473702e-01 1.379414561303309895e-02 -9.755748467697648030e-01 1.224842050547824898e-03
2.320725167706776393e-01 1.625290778761401544e-01 -9.590237983514565689e-01 1.201281382363031435e-03
-1.718898292774474479e-01 -3.490320380635940634e-01 -9.212114431530600278e-01 1.206836320482344849e-03
-1.863102076764920345e-01 -3.537279231555106457e-02 9.818539973332814919e-01 1.158314592806826545e-03
1.743165303479248807e-01 -2.140329554114607236e-01 9.611470445490100101e-01 1.179341401039902008e-03
2.019670107162531147e-01 2.745996116955620736e-01 -9.401087063946313993e-01 1.178275794965986164e-03
