9.660885139331960580e-01 -2.532870517182377879e-01 -5.018618015182741560e-02 1.229225625163620546e-03
-9.995316568267167412e-01 2.932570638740670046e-02 -8.744709607439421495e-03 1.459749017875550418e-03
9.863489574242629843e-01 -1.424208404111438342e-01 -8.265614559518900950e-02 1.177757603052920730e-03
-9.996164764336842312e-01 -1.543290763528068141e-02 2.299402975179346692e-02 1.422960815195762046e-03
-9.930086278898531127e-01 -1.840484685810370516e-02 1.165981412735246914e-01 1.370919475940228591e-03
-9.687130808278013872e-01 2.431943151229288558e-01 4.951254512746473824e-02 1.228902023118470929e-03
9.887797502298348862e-01 -9.018412411902045067e-02 -1.190858064267547589e-01 1.481971725213479009e-03
9.986040680426809812e-01 -1.013466752499999311e-02 -5.183824652480245598e-02 1.247651652159196449e-03
2.776257175424526324e-01 9.596680374103280231e-01 4.428565153689740380e-02 1.757276286905934230e-03
6.716680206207144288e-02 9.921749529956682689e-01 -1.052496239841161224e-01 1.414896651037964980e-03
1.376258214789945478e-01 9.890345302906810021e-01 -5.357080506137847781e-02 1.323526429833184886e-03
2.343910622371046248e-01 -9.693062198932941298e-01 -7.420432615107334928e-02 1.313354925931588648e-03
-9.085648413097646703e-02 9.912801981539230978e-01 9.543934219846912648e-02 1.442693142293243044e-03
-2.533797801723338128e-01 -9.645282245529139820e-01 7.405397383411177481e-02 1.393150045938184147e-03
6.394434525092799193e-01 -7.323145043450800529e-01 -2.341528085862560893e-01 9.651809568665698912e-05
-5.164098647560184246e-02 -9.973427653180615415e-01 -5.138693397692311454e-02 1.324569957524883001e-03
-7.872689189267338683e-02 -3.534697005182284579e-01 -9.321272699092508773e-01 1.188833605080660306e-03
7.540218052575589636e-02 -2.856790847612435957e-01 9.553543696984588829e-01 1.153407072271389784e-03
4.312025499923562849e-02 -9.035395100775391042e-02 9.949757821907472266e-01 1.153597680518475901e-03
-6.269943728908537739e-02 2.636141645770458397e-01 -9.625883610339251995e-01 1.210844538276385253e-03
-1.245817973662386724e-01 1.858849108439900033e-01 -9.746415626708720970e-01 1.207795166707695397e-03
2.559028550637327745e-02 -2.040692364856560026e-01 -9.786219310887446232e-01 1.114444243306691442e-03
-1.086336967361555411e-01 2.707575788263282268e-01 -9.564983290322789378e-01 1.260447728871500741e-03
-3.736999997884647984e-01 4.262594082711913812e-02 -9.265696624251759106e-01 1.277540259765914477e-03
