-9.969858507079936150e-01 -7.635225194221866019e-02 -1.376761095507080500e-02 2.894163407268144608e-04
7.985124856795618523e-03 2.509969489094451278e-01 -9.679549418331262478e-01 3.151772292904439802e-04
-2.990037528849955745e-02 9.954988450905885022e-01 8.993340303197305818e-02 2.595776010918375305e-04
-9.989117059418433087e-01 3.109979366647710672e-02 -3.475926590506620006e-02 2.855561204176082458e-04
1.183201221374418841e-02 -1.767013811998529027e-01 9.841933881961603126e-01 2.719091355261291933e-04
-1.225019502847604462e-02 -9.782571508087515300e-01 -2.070335229215489181e-01 2.637323058338274760e-04
9.948586123113105639e-01 8.685986561770597802e-02 5.207403628380827265e-02 2.635181347836292650e-04
3.321613247492789106e-02 2.440973275974811507e-01 -9.691817080419832253e-01 2.580564172129932630e-04
1.173124662055189879e-02 -9.853691501839683120e-01 -1.700294554436143912e-01 2.654155667125256135e-04
-3.841862422808547950e-02 -3.808825694512572024e-01 -9.238249171789151282e-01 3.402591761667884115e-06
-2.368535271167472329e-03 -2.560888789845951474e-01 9.666503380752953234e-01 2.721422762590105788e-04
1.792607853449695995e-04 9.744979465766989701e-01 2.243963457442386678e-01 2.552550933007035564e-04
9.916934224223816763e-01 9.754551985491889676e-02 8.383929556250706294e-02 2.788581248364519860e-04
2.650191432359132876e-02 2.999831566680616901e-01 -9.535762970274850314e-01 3.349349159201736917e-04
9.639739244471546772e-03 -9.755458662421052640e-01 -2.195844673132391622e-01 3.238469658864460499e-04
-9.994647808460805916e-01 3.268681513821605072e-02 -1.312998254344815725e-03 3.033684839717315463e-04
1.168172225074002452e-02 2.390383419431406364e-01 -9.709398583055135479e-01 3.236699264876612288e-04
3.507664268130253338e-02 9.716417134671258005e-01 2.338418478135937950e-01 3.256755989914483351e-04
9.951905787288779504e-01 6.906356247363980294e-02 -6.946895959873274073e-02 2.791701976110557456e-04
-7.414951313286848207e-03 -2.727465680819837757e-01 9.620573413765530768e-01 3.384634464031321260e-04
2.396398299182714645e-02 9.627835366001147310e-01 2.692091922110814162e-01 3.314680052328609840e-04
9.818317754223392368e-01 -1.888804824453708953e-01 1.818043239917340251e-02 3.648850422044613753e-05
3.104542749230733076e-02 3.189690507443616041e-01 -9.472565260261134323e-01 3.308030526216606745e-04
-2.122042127022772881e-02 -9.558377549009978713e-01 -2.931277537643508513e-01 3.389947622487842881e-04
