9.827187557974671472e-01 -1.262350952831761131e-01 1.353829668855184576e-01 1.402330637792541679e-03
-9.939289401046080830e-01 -9.813965721433705325e-02 -4.973801065968305041e-02 1.397278239771751127e-03
9.981883206751015480e-01 2.874497926299785303e-03 6.009836711169760232e-02 1.510338693176188716e-03
-9.993566326887973750e-01 2.624612011813455201e-02 -2.444303335620231013e-02 1.467987020993607918e-03
-9.950849507762966617e-01 -1.212601475224819002e-02 -9.827970545724866447e-02 1.412295588659165076e-03
-9.989906902906292574e-01 -1.284968858049859164e-02 -4.304051830584727095e-02 1.457372015046995081e-03
-9.933492999942123980e-01 -1.146618177009025574e-01 1.048025584292596422e-02 1.458836999362653859e-03
-9.988061257885303412e-01 1.720908718087785227e-02 -4.571838148608739494e-02 1.415821097061045015e-03
1.728698162611165545e-02 9.988089101992809749e-01 4.562807439267011628e-02 1.459103495645836879e-03
-1.984450466518609679e-01 9.771494030933736141e-01 7.614858825746258220e-02 1.487613550149523636e-03
1.732865737537198636e-01 -9.804428324794093319e-01 9.329317014899565774e-02 1.366991098074168487e-03
-1.046615145748770320e-01 -9.945032075605647615e-01 3.055735368276011645e-03 1.424783271628154643e-03
8.049140834042094184e-02 9.962108330497612130e-01 3.294099721739519177e-02 1.530147934044181124e-03
-1.128767622368169188e-01 -9.887158396472203181e-01 -9.848768947246745731e-02 1.444896133957339346e-03
6.286954529806487724e-02 9.877065982455183191e-01 1.431191673266751230e-01 1.227119336720897515e-03
1.612144263437594038e-02 -9.968819973307988525e-01 -7.724236198579058355e-02 1.478258477369630676e-03
2.338917010095057925e-01 -2.201566933046885111e-01 -9.470088186453309298e-01 1.088679793507466281e-03
1.696494009129653202e-01 -2.309971245659251174e-02 -9.852337205223412608e-01 1.146902236152370870e-03
7.341848885573945549e-03 -2.261614914095585183e-01 -9.740621525643758938e-01 1.186311232114404526e-03
2.178530532741375647e-01 -5.278912774135691155e-02 -9.745529001400808911e-01 1.141294007488475714e-03
1.776242290897144527e-01 -1.865858839293244031e-01 -9.662480743362945601e-01 1.128251944927556377e-03
-2.382226401691268924e-01 -1.116825447749982964e-01 9.647678388625064994e-01 1.171379250516099138e-03
3.412979204102028347e-02 -9.571834236492025860e-02 9.948231783740006939e-01 1.113804811777216117e-03
-1.432555168044193916e-01 2.508448655459585841e-01 9.573686386833072381e-01 1.154881836611804970e-03
