-9.981450543620827842e-01 1.962493122013555039e-02 -5.763082965843795841e-02 3.432252222312229609e-04
1.904251052448570347e-02 9.596321563139023070e-01 2.806127355649692401e-01 2.560649837866329072e-04
-3.169561083631484283e-02 2.953538089888953500e-01 -9.548620401762046850e-01 2.899203434659947836e-04
-9.955117868301439632e-01 -8.379224466073295630e-03 -9.426595822247339773e-02 3.726512671657666626e-04
2.245751805637324038e-03 -9.206970309061792701e-01 -3.902716155184404734e-01 2.439262812742002697e-04
2.525350192457304077e-02 -2.366665564752724049e-01 9.712626841831627500e-01 2.372595527744660385e-04
9.966612473446011533e-01 7.763700501182248248e-02 2.527555131541321318e-02 3.617249506154278545e-04
7.063861722523608923e-03 -9.661678188393127975e-01 -2.578174697278094452e-01 2.632781432433834996e-04
2.561858706225077567e-02 -2.588239660511049700e-01 9.655847153898565738e-01 2.400953107583610039e-04
9.940917484936611093e-01 3.221532314953980125e-02 -1.036521515994069803e-01 3.602624083629430980e-04
-2.988346289477178137e-03 9.355230259558744432e-01 3.532530788157668966e-01 2.491711291224797610e-04
7.939495730906379992e-17 -2.649382086812837045e-01 9.642653916742799369e-01 2.652817780156637990e-04
-9.962268504509294020e-01 -6.414297157773481139e-02 5.846145429083715594e-02 3.386080382211247323e-04
-8.431586773084575118e-03 9.536547288779095854e-01 3.007849172303835306e-01 3.167987434385815008e-04
7.737248378325294225e-03 -3.169899013356050066e-01 9.483973520833847148e-01 3.534989877727222275e-04
9.976255985320914288e-01 6.213815132377839556e-02 2.969874245737551613e-02 2.551488558036922529e-04
2.481347055610234886e-02 -9.344627245407739480e-01 -3.551953098265730469e-01 2.546811707766005804e-04
-3.257189539164371400e-02 3.013539487485090151e-01 -9.529558590009700181e-01 3.255853811631452977e-04
-9.937619991113736395e-01 -1.110437299957278551e-01 -1.031402689555504550e-02 3.074761581942917540e-04
-8.450680850194826994e-04 -9.520655194407737776e-01 -3.058930083409905909e-01 2.641022532795840464e-04
-1.956522151446371538e-02 2.369874909453512646e-01 -9.713156702342019555e-01 3.828704062817527595e-04
9.959975176461712820e-01 -2.635688443472703618e-02 8.540643702648618996e-02 2.440980927196644587e-04
3.982100666641817947e-04 -9.678164838539033976e-01 -2.516567007043720161e-01 2.541491688972261835e-04
-3.548583170805552633e-02 2.343878601404812689e-01 -9.714952839652665206e-01 3.910189486462662257e-04
