-9.987932246961439553e-01 -1.003054548447151507e-02 -4.807787909592051157e-02 3.730772788370605706e-04
6.597394013074422102e-03 -9.964520937276181156e-01 8.390291590929487009e-02 3.499070229371254478e-04
2.226208989834911438e-03 8.823150520229383620e-02 9.960975080198077869e-01 3.701744702169613662e-04
-9.994625617314588650e-01 -2.708362912138340475e-02 1.846793791426798101e-02 3.766776181412812290e-04
-1.729030704769908208e-02 -9.988651038745088862e-01 4.437960729842889418e-02 3.485443290793245022e-04
-2.527809064968175590e-02 -5.552129723083971957e-02 -9.981374673294811650e-01 3.390515217577185630e-04
9.997896983926563008e-01 1.026604034205427091e-02 -1.775295478551516815e-02 3.720346323746185810e-04
6.117290488734257979e-04 -9.992482448204589307e-01 3.876301085832996318e-02 3.569919966505337200e-04
-9.799009362680291199e-03 -7.840456829224920487e-02 -9.968734639293073130e-01 3.509022510597517596e-04
-9.975387373904991417e-01 6.149079561523384391e-02 3.369494709855536813e-02 3.770468052891571566e-04
3.018109236092821057e-02 9.992384774163109995e-01 -2.472987898542615415e-02 2.688542795182779469e-04
-3.537613559439760792e-03 -4.555309011101929539e-02 -9.989556553079028678e-01 3.451441963259430524e-04
-9.994736819847633846e-01 3.236125319373971132e-02 2.260157417255605986e-03 2.648953374200877105e-04
-1.390960609873884493e-02 -9.998522700474368197e-01 -1.009757095373117405e-02 3.278833458546576347e-04
-8.667685472996566887e-03 -7.199854096214369781e-02 -9.973670745156286710e-01 4.003244264230896806e-04
9.991711576255875027e-01 -3.585072311233883369e-02 1.928013022429662590e-02 2.827747926041293699e-04
3.153306760661907411e-03 9.996490801508256530e-01 -2.630158189312894329e-02 3.534656243894510768e-04
9.374358072948783469e-03 5.651312923386685866e-02 9.983578454817273462e-01 3.597907307310978329e-04
-9.986121016473921141e-01 -5.197940536365266984e-02 8.485980286313091897e-03 3.264309098346585719e-04
0.000000000000000000e+00 -9.999578118284141448e-01 9.185562766103423302e-03 3.521388387368275447e-04
-1.321301937888569138e-02 -6.889286793210380733e-02 -9.975365601655824532e-01 2.575685980607794593e-04
9.995822165700686268e-01 -8.229524481857286924e-03 -2.770680861576617360e-02 3.244169022813431788e-04
6.630949876729416194e-03 9.997632776822076295e-01 -2.072242992173846735e-02 3.573050764240565179e-04
1.253116573625393318e-02 8.305316202158913308e-02 9.964663276616556598e-01 2.951595305885328243e-04
