3.197393273990039404e-04
-3.116918006084183818e-04
-3.037187500505606906e-04
3.287620388571521092e-04
-3.249345185665536060e-04
-3.203821498502600995e-04
3.288932080260504025e-04
3.293560945557108045e-04
-2.387998270125190562e-04
-2.280204880920242382e-04
2.581801802416650157e-04
-3.557047929559799390e-04
3.314083040565923453e-04
3.338757261150628497e-04
-1.537426937363389075e-06
3.329621933170447330e-04
-2.722303599155938975e-04
2.781821466124623785e-04
-2.880134518058152489e-04
3.196760905292638476e-04
3.248722394231461606e-04
3.187424580906327606e-04
-3.290788635600002104e-04
2.756250852468868518e-04
2.180391803071417528e-04
-2.562171078707586478e-04
-2.331349595350103068e-04
2.233709220482603592e-04
-2.209645509868981498e-04
-2.412503349766534399e-04
-2.392767775858825553e-04
-2.700613871265616439e-04
2.292326875638367879e-04
-2.376871075930816774e-04
2.609374788631207455e-04
-1.659077877113797350e-04
1.269996071628987425e-04
-1.227394606163347793e-04
