9.832007894692820216e-01 -9.900216632027739050e-02 1.533452922357665948e-01 1.438407290223098862e-03
-9.884554117595052425e-01 -1.330943162389791046e-01 -7.240028969710989026e-02 1.403814557652952001e-03
9.949810950425665990e-01 2.880910597562283751e-02 9.582617555125703956e-02 1.529558800421597798e-03
-9.992616667171458911e-01 4.966365154522906986e-03 -3.809798743796522641e-02 1.444671297884669858e-03
-9.920112279076320760e-01 -3.011162822358053742e-02 -1.225031164947111700e-01 1.408514405194961818e-03
-9.960249785626009711e-01 -6.526468466800927626e-02 -6.061982361039738171e-02 1.472267270492951582e-03
-7.977751011826858529e-02 9.908614165760464276e-01 1.087621350481882271e-01 1.195503148977923634e-03
-9.964748331719822660e-01 -3.455334266872901045e-02 -7.644588520834372236e-02 1.429406637911971329e-03
-1.124403429883170380e-01 9.915241823967064771e-01 6.509197332400294689e-02 1.483427240765301846e-03
-3.175946328872233937e-01 9.463423498681581281e-01 5.974785357853767270e-02 1.534526079701825033e-03
2.881208690188176713e-01 -9.491965375775560654e-01 1.265397087345337124e-01 1.398056922877596777e-03
2.518995880536994275e-02 -9.994801924669314275e-01 2.011991157160966312e-02 1.421023255697168508e-03
-4.892521914594030741e-02 9.987654629936366657e-01 8.594932380667852714e-03 1.530312708934453061e-03
1.087601961347689494e-02 -9.969866879564059925e-01 -7.680661582886823269e-02 1.454829044704542516e-03
-9.915594368803630765e-01 -1.288856273269350650e-01 -1.408467969248494017e-02 1.400837410825746081e-03
1.374153734794027193e-01 -9.892730886590385131e-01 -4.955573817957226873e-02 1.523931938579036827e-03
2.256942001616710769e-01 -2.019139164232243988e-01 -9.530440170149637735e-01 1.132778028096636212e-03
1.919507883114431324e-01 2.399110364820420185e-02 -9.811112688234483459e-01 1.131024359031639710e-03
4.862373745924705726e-02 -2.082296694859690767e-01 -9.768705834967383872e-01 1.168255533322684614e-03
3.025868168632023236e-01 1.002149655857996896e-01 -9.478386882445934969e-01 1.065038107212340707e-03
1.725761370971551911e-01 -1.891413782365753415e-01 -9.666659277865299327e-01 1.129980620178773617e-03
-1.929511586290869329e-01 -8.846548194479773863e-02 9.772122128217429760e-01 1.155831860665058712e-03
7.971697953320174002e-02 -5.400934600611654451e-02 9.953533009530307618e-01 1.140074178462538185e-03
-1.303098736715236905e-01 2.755286119432743819e-01 9.524197188342564679e-01 1.206841210675562446e-03
