-9.912519839836910762e-01 -8.250922176248373652e-02 1.030132640612144990e-01 2.510127594559344484e-04
2.121620870832266123e-02 9.862965213104754048e-01 -1.636124828333694881e-01 3.520325417203094592e-04
2.576207365299069962e-02 1.573804628450595211e-01 9.872019577957554803e-01 3.483446791427461070e-04
-9.895966301594226744e-01 -1.427180630985374621e-01 1.816766475133621203e-02 2.553634127247617438e-04
-5.161359809290731347e-04 -9.926534999898717349e-01 1.209907540331366382e-01 3.455938399151599338e-04
8.880969587060043649e-03 -1.271111954908631381e-01 -9.918487144519960719e-01 3.430279174433797105e-04
-9.831291485249893380e-01 7.661635844210241963e-02 -1.660933801799491238e-01 2.929678123250061862e-04
-1.058474476709908921e-02 9.890908183928577291e-01 -1.469262268935077609e-01 3.348361405909444080e-04
-1.420623041655783708e-02 -1.625349370308881158e-01 -9.866005155389474535e-01 3.432305270567240891e-04
9.944625727328865183e-01 1.030417453889934110e-01 -2.065405869746373899e-02 3.935573562536085900e-04
2.337919396667310565e-02 9.910915763015694102e-01 -1.311140750397871146e-01 3.282466116298511779e-04
-5.588176341505581013e-03 1.550029467730730803e-01 9.878982026387335136e-01 3.454272521056276453e-04
9.809342857200858967e-01 9.822203538936880030e-02 -1.676912605438768411e-01 3.465401134731206016e-04
5.946104795825908444e-04 -9.898039357210230982e-01 1.424353020481589072e-01 3.524551157252148919e-04
-4.982837699513624485e-03 -1.401080846930580215e-01 -9.901236770889297878e-01 2.989011831019917020e-04
9.975945891007726996e-01 -6.915683549222578774e-02 4.729471594333537095e-03 3.604560992097156306e-04
-1.805905593661075517e-02 -9.900880371051822282e-01 1.392822647715257212e-01 3.417219652683034558e-04
-8.739108382129488414e-03 -1.417180166666027474e-01 -9.898684921426532668e-01 2.728748080043955863e-04
-9.945169678135388214e-01 -3.447851960037188329e-02 9.872807309540322651e-02 3.352659356763325934e-04
1.186711014887749209e-02 9.940055025886568307e-01 -1.086840950654057031e-01 3.307604904462539057e-04
7.681402229821166806e-03 -1.309805709413720542e-01 -9.913551765616881450e-01 2.487674874297657107e-04
9.995145919485683983e-01 -1.393656702004699918e-02 -2.786310430627970958e-02 3.353065921899222126e-04
-2.902841096377235808e-02 -9.946678903602547139e-01 9.896029124451262426e-02 3.460797475071340497e-04
-9.704204692839470819e-03 4.512982674338023720e-02 9.989339953917837356e-01 2.661283630608707795e-04
