9.158639518178581795e-01 3.922815581492843928e-01 8.548918584561143730e-02 1.459186394028342409e-03
-8.342174497991206028e-01 2.503643113924262087e-01 4.913236794941272523e-01 9.300640298266508923e-04
-8.849166452236362224e-01 2.962442445669681845e-01 3.593909828683677921e-01 1.104575515751760528e-03
8.663341077101596177e-01 4.039764265346083016e-01 2.937145904145208042e-01 1.753808275190737748e-03
8.637801508694217256e-01 3.804750343046115479e-01 3.303370993922780108e-01 2.101028469519815832e-03
-8.629652418996303087e-01 2.310689011739279486e-01 4.493307848160262297e-01 9.613004376954454276e-04
-9.375287631801992871e-01 -2.396753641737679741e-01 2.521815576484086607e-01 1.136659439704900028e-03
5.756326497557091582e-01 6.365081045185637665e-01 5.133268796950010149e-01 8.939646448270050730e-04
2.085884852137643852e-01 -9.750934933951768135e-01 -7.538914361244183904e-02 1.383287369196500166e-03
3.758600780561405785e-01 -9.149814656295873760e-01 1.467587110803451889e-01 1.197308453498754834e-03
-4.628764256501682883e-01 8.836463691768227102e-01 7.010355781230077910e-02 1.590539344034565131e-03
-2.009649253523800305e-01 9.636178382635858242e-01 1.762207722101058749e-01 1.727373771770260476e-03
-3.647617469851310856e-01 9.238615405348514775e-01 -1.158823621476800791e-01 1.413323157144577482e-03
6.386491970650295391e-01 -7.130189123931911510e-01 2.893634974522941716e-01 1.400235108294937145e-03
-1.897245882472199940e-01 9.635009461950219123e-01 1.888663741795246764e-01 1.478511673788471476e-03
-4.016562546042333204e-01 9.150500974277057109e-01 -3.681809792541590465e-02 1.277555078778663160e-03
2.812728330467568205e-01 2.525576843386315162e-01 9.257970671110161698e-01 1.344384338199319795e-03
3.295982561926655841e-01 -3.011362153211031845e-01 -8.948083422369487172e-01 9.777434421528684565e-04
-2.657970543515031925e-01 -6.726019169253460994e-02 -9.616797764908792123e-01 1.269835966844092391e-03
3.847380277365577417e-01 3.713575572133662739e-01 -8.450267538450514371e-01 1.253580245786625009e-03
-8.955287519732370305e-02 -3.726527635112786285e-01 -9.236396485595990136e-01 1.095295986325439544e-03
-3.383783765420600442e-01 -2.089916812016475167e-01 9.175088835958312705e-01 1.127394447229299480e-03
3.949270999527230153e-01 1.876233780216077229e-01 8.993497949867407248e-01 1.697628506463074458e-03
4.917925495452701856e-01 6.384298693818524217e-01 -5.920704266325366172e-01 1.343507983308456222e-03
