9.562358421284453680e-01 -9.672984157972824848e-02 2.761455268094408777e-01 7.370018493850664454e-04
9.497303932782403812e-01 -7.303443808782610069e-02 3.044308639687415274e-01 6.618291617862401754e-04
-9.831171518665290376e-01 1.763214048168316728e-01 -4.890222806031416930e-02 6.882525639997454352e-04
-9.407171711593397267e-01 -5.160906033022800987e-02 -3.352427609625604488e-01 6.243158653580452733e-04
-9.335795469386185541e-01 5.055974855891569308e-02 -3.547857682652207356e-01 6.286394439546022029e-04
-9.634554740334380085e-01 1.767944643858982701e-01 -2.012393274623694717e-01 6.033644388131570403e-04
9.065375978255917344e-01 1.651765739140139411e-01 3.884665792042271137e-01 6.497860383242664651e-04
9.338461181800905564e-01 -2.304866088149648273e-01 2.735093247349235090e-01 6.283182707668323467e-04
-9.424711477938246817e-01 -1.759828151447374867e-01 2.842150318859363867e-01 6.097865286871398220e-04
9.178766753472187290e-01 2.751221217382167072e-01 -2.860248712678637451e-01 6.126389919976220517e-04
-9.363201574019572870e-01 -3.140474655181140218e-01 1.570947237956223652e-01 6.236121705532598342e-04
-8.801293979276215707e-01 -2.933554440292893140e-01 3.732490138793953527e-01 6.670882545220416064e-04
9.336102840616322673e-01 2.424715960343477306e-01 -2.637790033549191615e-01 6.469090722716632456e-04
9.130179888210793182e-01 1.088983590899011838e-01 -3.931148680432202114e-01 6.375932159303443437e-04
-8.908810970410709906e-01 -3.162217079360381544e-01 3.260900218726612843e-01 6.614890805497458236e-04
9.526348073143859896e-01 2.202699800630722182e-01 -2.096856212907707018e-01 6.577995902240661632e-04
-3.535732851927871068e-02 -8.574370008425260536e-01 5.133728166801915238e-01 8.815284406165787255e-04
4.350587246750601406e-02 -8.644784895631510979e-01 5.007835661675150707e-01 9.489119438283429367e-04
-7.449573036603771015e-02 8.952700516229629146e-01 -4.392515461831046908e-01 9.189687998568242620e-04
-9.482674893734667834e-03 9.337396018370804907e-01 -3.578273813418840765e-01 8.644021442100335720e-04
-4.931015925178886677e-02 9.367007901906633238e-01 -3.466412235305404987e-01 8.836744211073304127e-04
-1.177820769502970454e-02 9.027277476831547798e-01 -4.300510288168035711e-01 9.129765908237126755e-04
-2.010630744616815832e-02 9.556975104680965893e-01 -2.936630805633601571e-01 8.545796981738426916e-04
-5.280871331427475224e-02 9.457034948191543888e-01 -3.207119263216265947e-01 8.781431872418170607e-04
-2.078466904116168384e-02 9.249806405429542577e-01 -3.794454007543055507e-01 8.995231011275409659e-04
-5.784829565646256409e-03 9.287618365662031472e-01 -3.706318748907999616e-01 9.279354206375389725e-04
4.183334773566378673e-02 9.858342723348184622e-01 -1.624215456991651985e-01 9.046141558385365020e-04
1.101398783731226752e-02 9.545062772503881687e-01 -2.979873466466735343e-01 9.244112717195616556e-04
4.816894462205818100e-02 -9.743601081247222906e-01 2.197774612401752758e-01 9.070878861644862982e-04
8.866483389769135026e-03 9.110039039916336678e-01 -4.123024040486559794e-01 9.626846740119026063e-04
8.509546191600450560e-02 -9.686189123752297903e-01 2.335297945666219843e-01 9.135457138463537550e-04
-3.801833515214115417e-02 -9.688801230407868559e-01 2.445933632965726634e-01 9.759409511861479774e-04
3.472641610971503867e-02 4.548753237557821572e-01 8.898778095122089615e-01 9.082909866772148318e-04
2.011042892562139514e-02 4.133018129802094598e-01 9.103720020056084161e-01 8.912238122700978779e-04
-1.030636532427626519e-02 3.903417889923576634e-01 9.206123324179664724e-01 9.060193611728541976e-04
-5.679671198009435956e-02 -3.061629442841892201e-01 -9.502833183085382940e-01 9.217370837412893489e-04
3.946050654370751587e-02 2.291313487330620124e-01 9.725953390033708068e-01 9.489304318455975404e-04
3.018599767497290830e-03 -8.721105238311491203e-02 -9.961852841704063044e-01 8.405326918615579077e-04
-6.085798466995403361e-02 -2.933803065985468583e-01 -9.540567600525947656e-01 9.412821388654910373e-04
2.001174942989621466e-02 -1.815610030336014258e-01 -9.831760432710856534e-01 8.567008223214826702e-04
8.548663395652522645e-02 -2.589558316298307683e-01 -9.620987021505048586e-01 9.193201838391474104e-04
-2.385519327925899810e-02 1.993125546563400130e-01 9.796455661666482184e-01 8.908842325151592433e-04
1.831795624406550374e-02 3.627556762641141463e-01 9.317042297946305229e-01 9.224044497768853733e-04
-2.006175218192359985e-02 1.036591423518643390e-01 9.944105330829249301e-01 9.172745903011527259e-04
6.841154505772915895e-02 -2.507228988131519065e-01 -9.656385910440532516e-01 8.970093585235916099e-04
3.384155445301461479e-02 -1.789350543081766887e-01 -9.832786967751988572e-01 9.695722060768964664e-04
-2.334399463632678973e-02 -2.713523171431401343e-02 -9.993591632212263098e-01 9.493343976972227300e-04
-7.960145666778822848e-02 1.735776854147111359e-01 9.815978785747440094e-01 9.402593976992416327e-04
