9.919283853372230508e-01 -1.211710048280137259e-01 -3.735861281229267694e-02 1.237562256696749571e-03
-9.967721229461594667e-01 -8.024573754074644516e-02 2.440599096098190063e-03 1.490561851399290535e-03
9.980636302509164892e-01 5.208274727204901394e-02 -3.400554964939977998e-02 1.204920204712499289e-03
-9.910993842092623574e-01 -1.319905868304942775e-01 1.733480914699650488e-02 1.457789535916831879e-03
-9.824297592727406769e-01 -1.764797507872111204e-01 6.071791875047106990e-02 1.343235562466435322e-03
-9.916764047245860692e-01 1.215651893899295233e-01 4.242420348232198851e-02 1.191851657983570472e-03
9.935038762274941426e-01 5.560432024017493424e-02 -9.928850634173308487e-02 1.432667606351059521e-03
9.936111683277090156e-01 1.105060089750560803e-01 -2.291872934632134193e-02 1.213116815159457490e-03
2.057714831248230736e-01 9.753194663937639897e-01 8.006269547045063995e-02 1.793973333535331003e-03
3.110554857431741243e-03 9.986433922672398600e-01 5.197787538423070258e-02 1.443763007131305129e-03
9.915164025179762364e-02 9.943732505933814414e-01 3.729330690258460257e-02 1.410673247728296735e-03
3.215095427890689028e-01 -9.456022586696023469e-01 -4.967879119413404210e-02 1.273010144723513756e-03
-1.482941379151969108e-01 9.837890760137177892e-01 1.008360182477677919e-01 1.412136721428595065e-03
-1.809161025508464749e-01 -9.813275473677532945e-01 6.531162695111343564e-02 1.403308341820947228e-03
-4.180641460365320250e-01 -5.149213305444090283e-01 -7.483838541478035067e-01 1.286346408689178860e-04
8.465498022776187306e-03 -9.984882533989866138e-01 -5.430969680883497575e-02 1.315199910356511714e-03
-1.318666209111656884e-01 -3.990572913749530493e-01 -9.073943313080354844e-01 1.200596773156773801e-03
7.123861366849965071e-02 -2.877400263283760307e-01 9.550553581709991802e-01 1.178874318751071005e-03
5.092570579565903338e-02 -1.061186695826134285e-01 9.930485388213559084e-01 1.136509171867208789e-03
-7.827640126475769733e-02 4.418933841122394401e-01 -8.936459265743181835e-01 1.175841352995332569e-03
-1.679649698325679508e-01 1.086216424362926036e-01 -9.797903386457670338e-01 1.267973991696421309e-03
-2.994573641831529617e-02 -2.731673508245503479e-01 -9.615003126956650492e-01 1.178503778627083614e-03
-1.240231536794267342e-01 2.784655774041199794e-01 -9.524049451532677901e-01 1.181702449924379840e-03
-3.574800085708533803e-01 2.217449649717924062e-02 -9.336575042151586956e-01 1.217326066143279567e-03
