-9.972690079068693425e-01 -5.358800525265888098e-02 5.082176267594156610e-02 1.959576367569284563e-04
2.145833975008849120e-02 9.683909695487968872e-01 2.485125142754605054e-01 1.844492836398670414e-04
-1.096690870587381170e-02 -2.460576196117091330e-01 9.691931565712049723e-01 1.717981631633527806e-04
9.974603085069692066e-01 -6.733896747366970026e-02 -2.320337071982936372e-02 1.893788610115737265e-04
2.195487725158075040e-02 9.646607970758956929e-01 2.625786167031992635e-01 1.958444384302027641e-04
5.847580455971276153e-03 2.551590447981993415e-01 -9.668814134424560391e-01 1.968176388559873271e-04
-9.998226304597962466e-01 1.530074906224323031e-02 1.098156175541630322e-02 1.874116710812803201e-04
1.077234220578279431e-02 9.535045571441775891e-01 3.011860158584509506e-01 1.909646774216508752e-04
-2.132789860149858149e-02 2.618094214928616270e-01 -9.648839036686317483e-01 1.916257300673845942e-04
-9.993052114122099594e-01 -1.146885146690156121e-02 -3.546209089194655995e-02 1.799817779952536255e-04
3.858292071269041335e-02 9.592142632425436632e-01 2.800345611194132722e-01 1.920788165917514795e-04
-3.318234170912931491e-02 2.437456174226461936e-01 -9.692713790192876155e-01 1.936816100737438469e-04
-1.000000000000000000e+00 -5.043943141998443913e-16 1.547334872458087426e-16 1.850188216545470092e-04
5.285904780446448736e-02 9.557167507039751042e-01 2.895020094732357330e-01 1.862243140081998381e-04
-2.167048389350381401e-16 2.340338901605518163e-01 -9.722284393373394895e-01 1.961995301379595828e-04
9.990825574456458913e-01 -4.282573301028008012e-02 1.584143630426335762e-16 1.942377691624943203e-04
1.261722963801501646e-02 -9.648909370217240156e-01 -2.623476418220702100e-01 1.818861251488274717e-04
-3.491479488010084536e-02 -2.347681227870672960e-01 9.714241533035490317e-01 1.826740029615479648e-04
-9.970239955948948518e-01 5.712720390365553375e-02 5.176518890278819507e-02 1.804258233651947173e-04
5.498047194907532131e-02 9.566778303486999091e-01 2.859102597381930622e-01 1.887448286305167357e-04
-3.370990058575757536e-02 -2.550892713482629803e-01 9.663297088703785009e-01 1.958490145567702058e-04
-9.988708765314562310e-01 1.265669388636631379e-02 -4.579061167037445229e-02 1.888640613478910003e-04
1.285700680623376967e-02 -9.483593680346072974e-01 -3.169372279126966285e-01 1.803845561625362854e-04
-2.995684605222199981e-02 -2.736284218452187389e-01 9.613688543598125635e-01 1.907963342420884007e-04
