-9.599087223990981910e-01 2.821737920813624165e-02 2.788889100928095277e-01 4.461128754376753416e-04
-3.347012160326186259e-02 9.994317531862521031e-01 3.990198355655645915e-03 7.167441503046211330e-04
-3.188027261582889738e-01 9.666243070933302345e-03 -9.477718003501353072e-01 6.960325763283842877e-04
9.674348913379311465e-01 5.443226785026399756e-02 -2.471980162514303137e-01 5.319291990815808602e-04
8.969458575867858205e-03 9.993360841053131605e-01 3.531203502935398308e-02 7.300663045544650070e-04
-2.235290623760325113e-01 5.785092157825763581e-02 -9.729789458903199684e-01 6.831486270931163250e-04
9.849521709270765424e-01 4.500331793703424288e-02 -1.668649824280014626e-01 5.244357481236824317e-04
1.655760273833224716e-02 -9.998039917286081213e-01 -1.085467250084373031e-02 6.972824165542176834e-04
2.663210400965350111e-01 1.867165055110045144e-02 9.637035192773747427e-01 6.562682885225719354e-04
-9.654392621485694548e-01 -6.549776916587406184e-02 2.522638962204457602e-01 5.478857495901413854e-04
-3.970224469432921677e-02 9.904349700000952827e-01 -1.321450035648032151e-01 6.716796679431169450e-04
2.496119740019541178e-01 1.763850905424683632e-02 9.681852846605297769e-01 6.686568242958690865e-04
9.748108419530860935e-01 7.842069173283988670e-02 -2.087918042425474241e-01 5.273618351664800894e-04
2.685797522545180574e-02 -9.982812624561323567e-01 5.208810032799753020e-02 6.905209668706965929e-04
1.756560099905264682e-01 1.125271547843929680e-02 9.843872929637852431e-01 6.025209475365313856e-04
9.854718457314399771e-01 1.506622050724033823e-02 -1.691692947029568017e-01 4.957294587302009435e-04
-1.983331881501964461e-02 -9.997015222401874901e-01 -1.426554925102539034e-02 6.643795806723317137e-04
1.859766229896638590e-01 1.252022884010171866e-02 9.824743963947111247e-01 6.066842222138643008e-04
-9.620179254411459491e-01 5.923338801237007512e-02 2.664824888702628236e-01 4.494187140050381847e-04
3.600972716452618960e-02 -9.986445359620091944e-01 3.758178205939334549e-02 6.495432055350489802e-04
1.899402976115980024e-01 5.135653045136865519e-02 9.804515235967635745e-01 6.037695122749381664e-04
-9.637572968615876201e-01 1.277692579084004632e-01 2.341941277649425002e-01 4.551582503960844499e-04
1.579905155250733995e-02 9.997862688329550718e-01 -1.333441498977171354e-02 5.670060814823801951e-04
-1.440772872574163643e-01 3.773677624819948145e-02 -9.888466367515931221e-01 5.637012265694368255e-04
-9.528452648443985762e-01 1.102507953199326346e-01 2.827201149457359564e-01 4.220449041646347102e-04
3.314174741643890337e-02 9.994438521057710245e-01 3.689317845170301050e-03 6.597621348045856152e-04
1.535580706812122442e-01 1.437177792004647701e-02 9.880351061212757635e-01 6.953378644083811101e-04
9.778074618784752259e-01 -7.130371219937921279e-02 -1.969983454787433141e-01 6.473292187557510170e-04
3.296884226882623031e-02 -9.994424343180017267e-01 5.279765521296603606e-03 6.182238446907519077e-04
1.821953631854740241e-01 2.674739299664376929e-02 9.828984823477937560e-01 6.267050101290090386e-04
-9.686751290682498183e-01 -6.011276916529834091e-03 2.482586531713297795e-01 6.501315528423293969e-04
1.838344928959339056e-02 -9.996906413658037671e-01 1.675321932778161063e-02 6.286056250235374458e-04
-1.960202590229609965e-01 5.256846482059631537e-02 -9.791897745375902629e-01 5.724614706151858389e-04
-9.777917719691249232e-01 5.119762801716318951e-02 2.032290667077305824e-01 6.455239007725956796e-04
6.243195981010334072e-02 -9.980053020930689245e-01 9.363086477851863612e-03 6.132372487444247809e-04
1.984935696915988423e-01 4.389864170831547091e-02 9.791185893686482622e-01 4.604871048367717077e-05
9.820198809793280192e-01 -5.385596514695614040e-02 -1.809322756708614255e-01 6.637567984352819124e-04
2.934273175845626344e-02 -9.995516379749735947e-01 5.960462607772405892e-03 6.220673388636461468e-04
2.028268381088392802e-01 8.141795496143014108e-03 9.791807723341332537e-01 6.158220166473440125e-04
-9.676852428164814945e-01 7.410221733051272630e-02 2.410272437337915852e-01 6.435101256503150463e-04
5.939213204426109331e-03 9.992912709496687418e-01 -3.717097725791063123e-02 6.248401521348404116e-04
2.060939591595195852e-01 -7.270490034684132848e-04 9.785319368307305865e-01 6.233507598522240560e-04
9.664568620509847996e-01 1.940099766598580439e-02 -2.560951680218281346e-01 6.411990181375648665e-04
5.303321689551139008e-03 -9.998513151353677353e-01 1.640799808425130388e-02 6.042201514249379490e-04
1.885829794276594473e-01 -1.340465745427785703e-02 9.819657708029951859e-01 5.856269767909188812e-04
9.831724853362885375e-01 1.755536397052386705e-02 -1.818341917064224544e-01 6.622346404023865454e-04
-3.266256048880038232e-02 9.992799129585010487e-01 -1.930835829287317132e-02 6.070235675511445822e-04
1.866867019327307087e-01 -2.533739298605327444e-04 9.824194680090229115e-01 6.222219538844601938e-04
