9.972140000000000448e-01 -2.853079999999999852e-02 6.891410000000000591e-02 1.175830000000000023e-04
-8.591079999999999550e-02 -9.944600000000000106e-01 6.056779999999999803e-02 1.068340000000000007e-04
2.503340000000000079e-02 9.215310000000000168e-02 9.954300000000000370e-01 1.143469999999999947e-04
-9.983130000000000059e-01 -4.597350000000000048e-02 3.546189999999999759e-02 1.281130000000000116e-04
-3.604509999999999659e-02 -9.967549999999999466e-01 -7.197199999999999431e-02 9.073989999999999498e-05
-1.028349999999999959e-01 -5.982549999999999674e-02 9.928979999999999473e-01 1.102069999999999970e-04
-9.986680000000000001e-01 8.274600000000000011e-03 5.093459999999999654e-02 1.257730000000000035e-04
1.592700000000000018e-02 -9.995439999999999880e-01 -2.563680000000000125e-02 1.154489999999999987e-04
-7.881970000000000642e-02 8.356049999999999589e-02 9.933809999999999585e-01 1.149589999999999949e-04
-9.967740000000000489e-01 1.947859999999999869e-02 7.785809999999999953e-02 1.295989999999999902e-04
3.066100000000000075e-02 -9.973309999999999675e-01 6.626830000000000220e-02 1.040800000000000064e-04
-8.180709999999999371e-02 -2.971390000000000142e-02 -9.962050000000000072e-01 1.152009999999999970e-04
